0 0.000000 0.000000 -18.000000
0 81.000000 134.000000 -18.000000
0 0.000000 0.000000 -18.000000
0 133.000000 116.000000 -18.000000
1 79.000000 109.000000 3.000000
1 81.000000 134.000000 3.000000
1 106.000000 136.000000 3.000000
1 105.000000 110.000000 3.000000
2 79.000000 109.000000 3.000000
2 81.000000 134.000000 3.000000
2 106.000000 136.000000 3.000000
2 105.000000 110.000000 3.000000
3 79.000000 109.000000 3.000000
3 81.000000 134.000000 3.000000
3 106.000000 136.000000 3.000000
3 105.000000 110.000000 3.000000
4 79.000000 109.000000 3.000000
4 81.000000 134.000000 3.000000
4 106.000000 136.000000 3.000000
4 105.000000 110.000000 3.000000
5 79.000000 109.000000 3.000000
5 81.000000 134.000000 3.000000
5 106.000000 136.000000 3.000000
5 105.000000 110.000000 3.000000
6 79.000000 109.000000 3.000000
6 81.000000 134.000000 3.000000
6 106.000000 136.000000 3.000000
6 105.000000 110.000000 3.000000
7 79.000000 109.000000 3.000000
7 81.000000 134.000000 3.000000
7 106.000000 136.000000 3.000000
7 105.000000 110.000000 3.000000
8 79.000000 109.000000 3.000000
8 81.000000 134.000000 3.000000
8 106.000000 136.000000 3.000000
8 105.000000 110.000000 3.000000
9 79.000000 109.000000 3.000000
9 81.000000 134.000000 3.000000
9 106.000000 136.000000 3.000000
9 105.000000 110.000000 3.000000
10 79.000000 109.000000 3.000000
10 81.000000 134.000000 3.000000
10 106.000000 136.000000 3.000000
10 105.000000 110.000000 3.000000
11 79.000000 109.000000 3.000000
11 81.000000 134.000000 3.000000
11 106.000000 136.000000 3.000000
11 105.000000 110.000000 3.000000
12 79.000000 109.000000 3.000000
12 81.000000 134.000000 3.000000
12 106.000000 136.000000 3.000000
12 105.000000 110.000000 3.000000
13 79.000000 109.000000 3.000000
13 81.000000 134.000000 3.000000
13 106.000000 136.000000 3.000000
13 105.000000 110.000000 3.000000
14 79.000000 109.000000 3.000000
14 81.000000 134.000000 3.000000
14 106.000000 136.000000 3.000000
14 105.000000 110.000000 3.000000
15 79.000000 109.000000 3.000000
15 81.000000 134.000000 3.000000
15 106.000000 136.000000 3.000000
15 105.000000 110.000000 3.000000
16 79.000000 109.000000 3.000000
16 81.000000 134.000000 3.000000
16 106.000000 136.000000 3.000000
16 105.000000 110.000000 3.000000
17 79.000000 109.000000 3.000000
17 81.000000 134.000000 3.000000
17 106.000000 136.000000 3.000000
17 105.000000 110.000000 3.000000
18 79.000000 109.000000 3.000000
18 81.000000 134.000000 3.000000
18 106.000000 136.000000 3.000000
18 105.000000 110.000000 3.000000
19 79.000000 109.000000 3.000000
19 81.000000 134.000000 3.000000
19 106.000000 136.000000 3.000000
19 105.000000 110.000000 3.000000
20 79.000000 109.000000 3.000000
20 81.000000 134.000000 3.000000
20 106.000000 136.000000 3.000000
20 105.000000 110.000000 3.000000
21 79.000000 109.000000 3.000000
21 81.000000 134.000000 3.000000
21 106.000000 136.000000 3.000000
21 105.000000 110.000000 3.000000
22 79.000000 109.000000 3.000000
22 81.000000 134.000000 3.000000
22 106.000000 136.000000 3.000000
22 105.000000 110.000000 3.000000
23 79.000000 109.000000 3.000000
23 81.000000 134.000000 3.000000
23 106.000000 136.000000 3.000000
23 105.000000 110.000000 3.000000
24 79.000000 109.000000 3.000000
24 81.000000 134.000000 3.000000
24 106.000000 136.000000 3.000000
24 105.000000 110.000000 3.000000
25 79.000000 109.000000 3.000000
25 81.000000 134.000000 3.000000
25 106.000000 136.000000 3.000000
25 105.000000 110.000000 3.000000
26 79.000000 109.000000 3.000000
26 81.000000 134.000000 3.000000
26 106.000000 136.000000 3.000000
26 105.000000 110.000000 3.000000
27 79.000000 109.000000 3.000000
27 81.000000 134.000000 3.000000
27 106.000000 136.000000 3.000000
27 105.000000 110.000000 3.000000
28 79.000000 109.000000 3.000000
28 81.000000 134.000000 3.000000
28 106.000000 136.000000 3.000000
28 105.000000 110.000000 3.000000
29 79.000000 109.000000 3.000000
29 81.000000 134.000000 3.000000
29 106.000000 136.000000 3.000000
29 105.000000 110.000000 3.000000
30 79.000000 109.000000 3.000000
30 81.000000 134.000000 3.000000
30 106.000000 136.000000 3.000000
30 105.000000 110.000000 3.000000
31 79.000000 109.000000 3.000000
31 81.000000 134.000000 3.000000
31 106.000000 136.000000 3.000000
31 105.000000 110.000000 3.000000
32 79.000000 109.000000 3.000000
32 81.000000 134.000000 3.000000
32 106.000000 136.000000 3.000000
32 105.000000 110.000000 3.000000
33 79.000000 109.000000 3.000000
33 81.000000 134.000000 3.000000
33 106.000000 136.000000 3.000000
33 105.000000 110.000000 3.000000
34 79.000000 109.000000 3.000000
34 81.000000 134.000000 3.000000
34 106.000000 136.000000 3.000000
34 105.000000 110.000000 3.000000
35 79.000000 109.000000 3.000000
35 81.000000 134.000000 3.000000
35 106.000000 136.000000 3.000000
35 105.000000 110.000000 3.000000
36 79.000000 109.000000 3.000000
36 81.000000 134.000000 3.000000
36 106.000000 136.000000 3.000000
36 105.000000 110.000000 3.000000
37 79.000000 109.000000 3.000000
37 81.000000 134.000000 3.000000
37 106.000000 136.000000 3.000000
37 105.000000 110.000000 3.000000
38 79.000000 109.000000 3.000000
38 81.000000 134.000000 3.000000
38 106.000000 136.000000 3.000000
38 105.000000 110.000000 3.000000
39 79.000000 109.000000 3.000000
39 81.000000 134.000000 3.000000
39 106.000000 136.000000 3.000000
39 105.000000 110.000000 3.000000
40 79.000000 109.000000 3.000000
40 81.000000 134.000000 3.000000
40 106.000000 136.000000 3.000000
40 105.000000 110.000000 3.000000
41 79.000000 109.000000 3.000000
41 81.000000 134.000000 3.000000
41 106.000000 136.000000 3.000000
41 105.000000 110.000000 3.000000
42 79.000000 109.000000 3.000000
42 81.000000 134.000000 3.000000
42 106.000000 136.000000 3.000000
42 105.000000 110.000000 3.000000
43 79.000000 109.000000 3.000000
43 81.000000 134.000000 3.000000
43 106.000000 136.000000 3.000000
43 105.000000 110.000000 3.000000
44 79.000000 109.000000 3.000000
44 81.000000 134.000000 3.000000
44 106.000000 136.000000 3.000000
44 105.000000 110.000000 3.000000
45 79.000000 109.000000 3.000000
45 81.000000 134.000000 3.000000
45 106.000000 136.000000 3.000000
45 105.000000 110.000000 3.000000
46 79.000000 109.000000 3.000000
46 81.000000 134.000000 3.000000
46 106.000000 136.000000 3.000000
46 105.000000 110.000000 3.000000
47 79.000000 109.000000 3.000000
47 81.000000 134.000000 3.000000
47 106.000000 136.000000 3.000000
47 105.000000 110.000000 3.000000
48 79.000000 109.000000 3.000000
48 81.000000 134.000000 3.000000
48 106.000000 136.000000 3.000000
48 105.000000 110.000000 3.000000
49 79.000000 109.000000 3.000000
49 81.000000 134.000000 3.000000
49 106.000000 136.000000 3.000000
49 105.000000 110.000000 3.000000
50 79.000000 109.000000 3.000000
50 81.000000 134.000000 3.000000
50 106.000000 136.000000 3.000000
50 105.000000 110.000000 3.000000
51 79.000000 109.000000 3.000000
51 81.000000 134.000000 3.000000
51 106.000000 136.000000 3.000000
51 105.000000 110.000000 3.000000
52 79.000000 109.000000 3.000000
52 81.000000 134.000000 3.000000
52 106.000000 136.000000 3.000000
52 105.000000 110.000000 3.000000
53 79.000000 109.000000 3.000000
53 81.000000 134.000000 3.000000
53 106.000000 136.000000 3.000000
53 105.000000 110.000000 3.000000
54 79.000000 109.000000 3.000000
54 81.000000 134.000000 3.000000
54 106.000000 136.000000 3.000000
54 105.000000 110.000000 3.000000
55 79.000000 109.000000 3.000000
55 81.000000 134.000000 3.000000
55 106.000000 136.000000 3.000000
55 105.000000 110.000000 3.000000
56 79.000000 109.000000 3.000000
56 81.000000 134.000000 3.000000
56 106.000000 136.000000 3.000000
56 105.000000 110.000000 3.000000
57 79.000000 109.000000 3.000000
57 81.000000 134.000000 3.000000
57 106.000000 136.000000 3.000000
57 105.000000 110.000000 3.000000
58 79.000000 109.000000 3.000000
58 81.000000 134.000000 3.000000
58 106.000000 136.000000 3.000000
58 105.000000 110.000000 3.000000
59 79.000000 109.000000 3.000000
59 81.000000 134.000000 3.000000
59 106.000000 136.000000 3.000000
59 105.000000 110.000000 3.000000
60 79.000000 109.000000 3.000000
60 81.000000 134.000000 3.000000
60 106.000000 136.000000 3.000000
60 105.000000 110.000000 3.000000
61 79.000000 109.000000 3.000000
61 81.000000 134.000000 3.000000
61 106.000000 136.000000 3.000000
61 105.000000 110.000000 3.000000
62 79.000000 109.000000 3.000000
62 81.000000 134.000000 3.000000
62 106.000000 136.000000 3.000000
62 105.000000 110.000000 3.000000
63 79.000000 109.000000 3.000000
63 81.000000 134.000000 3.000000
63 106.000000 136.000000 3.000000
63 105.000000 110.000000 3.000000
64 79.000000 109.000000 3.000000
64 81.000000 134.000000 3.000000
64 106.000000 136.000000 3.000000
64 105.000000 110.000000 3.000000
65 79.000000 109.000000 3.000000
65 81.000000 134.000000 3.000000
65 106.000000 136.000000 3.000000
65 105.000000 110.000000 3.000000
66 79.000000 109.000000 3.000000
66 81.000000 134.000000 3.000000
66 106.000000 136.000000 3.000000
66 105.000000 110.000000 3.000000
67 79.000000 109.000000 3.000000
67 81.000000 134.000000 3.000000
67 106.000000 136.000000 3.000000
67 105.000000 110.000000 3.000000
68 79.000000 109.000000 3.000000
68 81.000000 134.000000 3.000000
68 106.000000 136.000000 3.000000
68 105.000000 110.000000 3.000000
69 79.000000 109.000000 3.000000
69 81.000000 134.000000 3.000000
69 106.000000 136.000000 3.000000
69 105.000000 110.000000 3.000000
70 79.000000 109.000000 3.000000
70 81.000000 134.000000 3.000000
70 106.000000 136.000000 3.000000
70 105.000000 110.000000 3.000000
71 79.000000 109.000000 3.000000
71 81.000000 134.000000 3.000000
71 106.000000 136.000000 3.000000
71 105.000000 110.000000 3.000000
72 79.000000 109.000000 3.000000
72 81.000000 134.000000 3.000000
72 106.000000 136.000000 3.000000
72 105.000000 110.000000 3.000000
73 79.000000 109.000000 3.000000
73 81.000000 134.000000 3.000000
73 106.000000 136.000000 3.000000
73 105.000000 110.000000 3.000000
74 79.000000 109.000000 3.000000
74 81.000000 134.000000 3.000000
74 106.000000 136.000000 3.000000
74 105.000000 110.000000 3.000000
75 79.000000 109.000000 3.000000
75 81.000000 134.000000 3.000000
75 106.000000 136.000000 3.000000
75 105.000000 110.000000 3.000000
76 79.000000 109.000000 3.000000
76 81.000000 134.000000 3.000000
76 106.000000 136.000000 3.000000
76 105.000000 110.000000 3.000000
77 79.000000 109.000000 3.000000
77 81.000000 134.000000 3.000000
77 106.000000 136.000000 3.000000
77 105.000000 110.000000 3.000000
78 79.000000 109.000000 3.000000
78 81.000000 134.000000 3.000000
78 106.000000 136.000000 3.000000
78 105.000000 110.000000 3.000000
79 79.000000 109.000000 3.000000
79 81.000000 134.000000 3.000000
79 106.000000 136.000000 3.000000
79 105.000000 110.000000 3.000000
80 79.000000 109.000000 3.000000
80 81.000000 134.000000 3.000000
80 106.000000 136.000000 3.000000
80 105.000000 110.000000 3.000000
81 79.000000 109.000000 3.000000
81 81.000000 134.000000 3.000000
81 106.000000 136.000000 3.000000
81 105.000000 110.000000 3.000000
82 79.000000 109.000000 3.000000
82 81.000000 134.000000 3.000000
82 106.000000 136.000000 3.000000
82 105.000000 110.000000 3.000000
83 79.000000 109.000000 3.000000
83 81.000000 134.000000 3.000000
83 106.000000 136.000000 3.000000
83 105.000000 110.000000 3.000000
84 79.000000 109.000000 3.000000
84 81.000000 134.000000 3.000000
84 106.000000 136.000000 3.000000
84 105.000000 110.000000 3.000000
85 79.000000 109.000000 3.000000
85 81.000000 134.000000 3.000000
85 106.000000 136.000000 3.000000
85 105.000000 110.000000 3.000000
86 79.000000 109.000000 3.000000
86 81.000000 134.000000 3.000000
86 106.000000 136.000000 3.000000
86 105.000000 110.000000 3.000000
87 79.000000 109.000000 3.000000
87 81.000000 134.000000 3.000000
87 106.000000 136.000000 3.000000
87 105.000000 110.000000 3.000000
88 79.000000 109.000000 3.000000
88 81.000000 134.000000 3.000000
88 106.000000 136.000000 3.000000
88 105.000000 110.000000 3.000000
89 79.000000 109.000000 3.000000
89 81.000000 134.000000 3.000000
89 106.000000 136.000000 3.000000
89 105.000000 110.000000 3.000000
90 79.000000 109.000000 3.000000
90 81.000000 134.000000 3.000000
90 106.000000 136.000000 3.000000
90 105.000000 110.000000 3.000000
91 79.000000 109.000000 3.000000
91 81.000000 134.000000 3.000000
91 106.000000 136.000000 3.000000
91 105.000000 110.000000 3.000000
92 79.000000 109.000000 3.000000
92 81.000000 134.000000 3.000000
92 106.000000 136.000000 3.000000
92 105.000000 110.000000 3.000000
93 79.000000 109.000000 3.000000
93 81.000000 134.000000 3.000000
93 106.000000 136.000000 3.000000
93 105.000000 110.000000 3.000000
94 79.000000 109.000000 3.000000
94 81.000000 134.000000 3.000000
94 106.000000 136.000000 3.000000
94 105.000000 110.000000 3.000000
95 79.000000 109.000000 3.000000
95 81.000000 134.000000 3.000000
95 106.000000 136.000000 3.000000
95 105.000000 110.000000 3.000000
96 79.000000 109.000000 3.000000
96 81.000000 134.000000 3.000000
96 106.000000 136.000000 3.000000
96 105.000000 110.000000 3.000000
97 79.000000 109.000000 3.000000
97 81.000000 134.000000 3.000000
97 106.000000 136.000000 3.000000
97 105.000000 110.000000 3.000000
98 79.000000 109.000000 3.000000
98 81.000000 134.000000 3.000000
98 106.000000 136.000000 3.000000
98 105.000000 110.000000 3.000000
99 79.000000 109.000000 3.000000
99 81.000000 134.000000 3.000000
99 106.000000 136.000000 3.000000
99 105.000000 110.000000 3.000000
100 79.000000 109.000000 3.000000
100 81.000000 134.000000 3.000000
100 106.000000 136.000000 3.000000
100 105.000000 110.000000 3.000000
101 79.000000 109.000000 3.000000
101 81.000000 134.000000 3.000000
101 106.000000 136.000000 3.000000
101 105.000000 110.000000 3.000000
102 79.000000 109.000000 3.000000
102 81.000000 134.000000 3.000000
102 106.000000 136.000000 3.000000
102 105.000000 110.000000 3.000000
103 79.000000 109.000000 3.000000
103 81.000000 134.000000 3.000000
103 106.000000 136.000000 3.000000
103 105.000000 110.000000 3.000000
104 79.000000 109.000000 3.000000
104 81.000000 134.000000 3.000000
104 106.000000 136.000000 3.000000
104 105.000000 110.000000 3.000000
105 79.000000 109.000000 3.000000
105 81.000000 134.000000 3.000000
105 106.000000 136.000000 3.000000
105 105.000000 110.000000 3.000000
106 79.000000 109.000000 3.000000
106 81.000000 134.000000 3.000000
106 106.000000 136.000000 3.000000
106 105.000000 110.000000 3.000000
107 79.000000 109.000000 3.000000
107 81.000000 134.000000 3.000000
107 106.000000 136.000000 3.000000
107 105.000000 110.000000 3.000000
108 79.000000 109.000000 3.000000
108 81.000000 134.000000 3.000000
108 106.000000 136.000000 3.000000
108 105.000000 110.000000 3.000000
109 79.000000 109.000000 3.000000
109 81.000000 134.000000 3.000000
109 106.000000 136.000000 3.000000
109 105.000000 110.000000 3.000000
110 79.000000 109.000000 3.000000
110 81.000000 134.000000 3.000000
110 106.000000 136.000000 3.000000
110 105.000000 110.000000 3.000000
111 79.000000 109.000000 3.000000
111 81.000000 134.000000 3.000000
111 106.000000 136.000000 3.000000
111 105.000000 110.000000 3.000000
112 79.000000 109.000000 3.000000
112 81.000000 134.000000 3.000000
112 106.000000 136.000000 3.000000
112 105.000000 110.000000 3.000000
113 79.000000 109.000000 3.000000
113 81.000000 134.000000 3.000000
113 106.000000 136.000000 3.000000
113 105.000000 110.000000 3.000000
114 79.000000 109.000000 3.000000
114 81.000000 134.000000 3.000000
114 106.000000 136.000000 3.000000
114 105.000000 110.000000 3.000000
115 79.000000 109.000000 3.000000
115 81.000000 134.000000 3.000000
115 106.000000 136.000000 3.000000
115 105.000000 110.000000 3.000000
116 79.000000 109.000000 3.000000
116 81.000000 134.000000 3.000000
116 106.000000 136.000000 3.000000
116 105.000000 110.000000 3.000000
117 79.000000 109.000000 3.000000
117 81.000000 134.000000 3.000000
117 106.000000 136.000000 3.000000
117 105.000000 110.000000 3.000000
118 79.000000 109.000000 3.000000
118 81.000000 134.000000 3.000000
118 106.000000 136.000000 3.000000
118 105.000000 110.000000 3.000000
119 79.000000 109.000000 3.000000
119 81.000000 134.000000 3.000000
119 106.000000 136.000000 3.000000
119 105.000000 110.000000 3.000000
120 79.000000 109.000000 3.000000
120 81.000000 134.000000 3.000000
120 106.000000 136.000000 3.000000
120 105.000000 110.000000 3.000000
121 79.000000 109.000000 3.000000
121 81.000000 134.000000 3.000000
121 106.000000 136.000000 3.000000
121 105.000000 110.000000 3.000000
122 79.000000 109.000000 3.000000
122 81.000000 134.000000 3.000000
122 106.000000 136.000000 3.000000
122 105.000000 110.000000 3.000000
123 79.000000 109.000000 3.000000
123 81.000000 134.000000 3.000000
123 106.000000 136.000000 3.000000
123 105.000000 110.000000 3.000000
124 79.000000 109.000000 3.000000
124 81.000000 134.000000 3.000000
124 106.000000 136.000000 3.000000
124 105.000000 110.000000 3.000000
125 79.000000 109.000000 3.000000
125 81.000000 134.000000 3.000000
125 106.000000 136.000000 3.000000
125 105.000000 110.000000 3.000000
126 79.000000 109.000000 3.000000
126 81.000000 134.000000 3.000000
126 106.000000 136.000000 3.000000
126 105.000000 110.000000 3.000000
127 79.000000 109.000000 3.000000
127 81.000000 134.000000 3.000000
127 106.000000 136.000000 3.000000
127 105.000000 110.000000 3.000000
128 79.000000 109.000000 3.000000
128 81.000000 134.000000 3.000000
128 106.000000 136.000000 3.000000
128 105.000000 110.000000 3.000000
129 79.000000 109.000000 3.000000
129 81.000000 134.000000 3.000000
129 106.000000 136.000000 3.000000
129 105.000000 110.000000 3.000000
130 79.000000 109.000000 3.000000
130 81.000000 134.000000 3.000000
130 106.000000 136.000000 3.000000
130 105.000000 110.000000 3.000000
131 79.000000 109.000000 3.000000
131 81.000000 134.000000 3.000000
131 106.000000 136.000000 3.000000
131 105.000000 110.000000 3.000000
132 79.000000 109.000000 3.000000
132 81.000000 134.000000 3.000000
132 106.000000 136.000000 3.000000
132 105.000000 110.000000 3.000000
133 79.000000 109.000000 3.000000
133 81.000000 134.000000 3.000000
133 106.000000 136.000000 3.000000
133 105.000000 110.000000 3.000000
134 79.000000 109.000000 3.000000
134 81.000000 134.000000 3.000000
134 106.000000 136.000000 3.000000
134 105.000000 110.000000 3.000000
135 79.000000 109.000000 3.000000
135 81.000000 134.000000 3.000000
135 106.000000 136.000000 3.000000
135 105.000000 110.000000 3.000000
136 79.000000 109.000000 3.000000
136 81.000000 134.000000 3.000000
136 106.000000 136.000000 3.000000
136 105.000000 110.000000 3.000000
137 79.000000 109.000000 3.000000
137 81.000000 134.000000 3.000000
137 106.000000 136.000000 3.000000
137 105.000000 110.000000 3.000000
138 79.000000 109.000000 3.000000
138 81.000000 134.000000 3.000000
138 106.000000 136.000000 3.000000
138 105.000000 110.000000 3.000000
139 79.000000 109.000000 3.000000
139 81.000000 134.000000 3.000000
139 106.000000 136.000000 3.000000
139 105.000000 110.000000 3.000000
140 79.000000 109.000000 3.000000
140 81.000000 134.000000 3.000000
140 106.000000 136.000000 3.000000
140 105.000000 110.000000 3.000000
141 79.000000 109.000000 3.000000
141 81.000000 134.000000 3.000000
141 106.000000 136.000000 3.000000
141 105.000000 110.000000 3.000000
142 79.000000 109.000000 3.000000
142 81.000000 134.000000 3.000000
142 106.000000 136.000000 3.000000
142 105.000000 110.000000 3.000000
143 79.000000 109.000000 3.000000
143 81.000000 134.000000 3.000000
143 106.000000 136.000000 3.000000
143 105.000000 110.000000 3.000000
144 79.000000 109.000000 3.000000
144 81.000000 134.000000 3.000000
144 106.000000 136.000000 3.000000
144 105.000000 110.000000 3.000000
145 79.000000 109.000000 3.000000
145 81.000000 134.000000 3.000000
145 106.000000 136.000000 3.000000
145 105.000000 110.000000 3.000000
146 79.000000 109.000000 3.000000
146 81.000000 134.000000 3.000000
146 106.000000 136.000000 3.000000
146 105.000000 110.000000 3.000000
147 79.000000 109.000000 3.000000
147 81.000000 134.000000 3.000000
147 106.000000 136.000000 3.000000
147 105.000000 110.000000 3.000000
148 79.000000 109.000000 3.000000
148 81.000000 134.000000 3.000000
148 106.000000 136.000000 3.000000
148 105.000000 110.000000 3.000000
149 79.000000 109.000000 3.000000
149 81.000000 134.000000 3.000000
149 106.000000 136.000000 3.000000
149 105.000000 110.000000 3.000000
150 79.000000 109.000000 3.000000
150 81.000000 134.000000 3.000000
150 106.000000 136.000000 3.000000
150 105.000000 110.000000 3.000000
151 79.000000 109.000000 3.000000
151 81.000000 134.000000 3.000000
151 106.000000 136.000000 3.000000
151 105.000000 110.000000 3.000000
152 79.000000 109.000000 3.000000
152 81.000000 134.000000 3.000000
152 106.000000 136.000000 3.000000
152 105.000000 110.000000 3.000000
153 79.000000 109.000000 3.000000
153 81.000000 134.000000 3.000000
153 106.000000 136.000000 3.000000
153 105.000000 110.000000 3.000000
154 79.000000 109.000000 3.000000
154 81.000000 134.000000 3.000000
154 106.000000 136.000000 3.000000
154 105.000000 110.000000 3.000000
155 79.000000 109.000000 3.000000
155 81.000000 134.000000 3.000000
155 106.000000 136.000000 3.000000
155 105.000000 110.000000 3.000000
156 79.000000 109.000000 3.000000
156 81.000000 134.000000 3.000000
156 106.000000 136.000000 3.000000
156 105.000000 110.000000 3.000000
157 79.000000 109.000000 3.000000
157 81.000000 134.000000 3.000000
157 106.000000 136.000000 3.000000
157 105.000000 110.000000 3.000000
158 79.000000 109.000000 3.000000
158 81.000000 134.000000 3.000000
158 106.000000 136.000000 3.000000
158 105.000000 110.000000 3.000000
159 79.000000 109.000000 3.000000
159 81.000000 134.000000 3.000000
159 106.000000 136.000000 3.000000
159 105.000000 110.000000 3.000000
160 79.000000 109.000000 3.000000
160 81.000000 134.000000 3.000000
160 106.000000 136.000000 3.000000
160 105.000000 110.000000 3.000000
161 79.000000 109.000000 3.000000
161 81.000000 134.000000 3.000000
161 106.000000 136.000000 3.000000
161 105.000000 110.000000 3.000000
162 79.000000 109.000000 3.000000
162 81.000000 134.000000 3.000000
162 106.000000 136.000000 3.000000
162 105.000000 110.000000 3.000000
163 79.000000 109.000000 3.000000
163 81.000000 134.000000 3.000000
163 106.000000 136.000000 3.000000
163 105.000000 110.000000 3.000000
164 79.000000 109.000000 3.000000
164 81.000000 134.000000 3.000000
164 106.000000 136.000000 3.000000
164 105.000000 110.000000 3.000000
165 79.000000 109.000000 3.000000
165 81.000000 134.000000 3.000000
165 106.000000 136.000000 3.000000
165 105.000000 110.000000 3.000000
166 79.000000 109.000000 3.000000
166 81.000000 134.000000 3.000000
166 106.000000 136.000000 3.000000
166 105.000000 110.000000 3.000000
167 79.000000 109.000000 3.000000
167 81.000000 134.000000 3.000000
167 106.000000 136.000000 3.000000
167 105.000000 110.000000 3.000000
168 79.000000 109.000000 3.000000
168 81.000000 134.000000 3.000000
168 106.000000 136.000000 3.000000
168 105.000000 110.000000 3.000000
169 79.000000 109.000000 3.000000
169 81.000000 134.000000 3.000000
169 106.000000 136.000000 3.000000
169 105.000000 110.000000 3.000000
170 79.000000 109.000000 3.000000
170 81.000000 134.000000 3.000000
170 106.000000 136.000000 3.000000
170 105.000000 110.000000 3.000000
171 79.000000 109.000000 3.000000
171 81.000000 134.000000 3.000000
171 106.000000 136.000000 3.000000
171 105.000000 110.000000 3.000000
172 79.000000 109.000000 3.000000
172 81.000000 134.000000 3.000000
172 106.000000 136.000000 3.000000
172 105.000000 110.000000 3.000000
173 79.000000 109.000000 3.000000
173 81.000000 134.000000 3.000000
173 106.000000 136.000000 3.000000
173 105.000000 110.000000 3.000000
174 79.000000 109.000000 3.000000
174 81.000000 134.000000 3.000000
174 106.000000 136.000000 3.000000
174 105.000000 110.000000 3.000000
175 79.000000 109.000000 3.000000
175 81.000000 134.000000 3.000000
175 106.000000 136.000000 3.000000
175 105.000000 110.000000 3.000000
176 79.000000 109.000000 3.000000
176 81.000000 134.000000 3.000000
176 106.000000 136.000000 3.000000
176 105.000000 110.000000 3.000000
177 79.000000 109.000000 3.000000
177 81.000000 134.000000 3.000000
177 106.000000 136.000000 3.000000
177 105.000000 110.000000 3.000000
178 79.000000 109.000000 3.000000
178 81.000000 134.000000 3.000000
178 106.000000 136.000000 3.000000
178 105.000000 110.000000 3.000000
179 79.000000 109.000000 3.000000
179 81.000000 134.000000 3.000000
179 106.000000 136.000000 3.000000
179 105.000000 110.000000 3.000000
180 79.000000 109.000000 3.000000
180 81.000000 134.000000 3.000000
180 106.000000 136.000000 3.000000
180 105.000000 110.000000 3.000000
181 79.000000 109.000000 3.000000
181 81.000000 134.000000 3.000000
181 106.000000 136.000000 3.000000
181 105.000000 110.000000 3.000000
182 79.000000 109.000000 3.000000
182 81.000000 134.000000 3.000000
182 106.000000 136.000000 3.000000
182 105.000000 110.000000 3.000000
183 79.000000 109.000000 3.000000
183 81.000000 134.000000 3.000000
183 106.000000 136.000000 3.000000
183 105.000000 110.000000 3.000000
184 79.000000 109.000000 3.000000
184 81.000000 134.000000 3.000000
184 106.000000 136.000000 3.000000
184 105.000000 110.000000 3.000000
185 79.000000 109.000000 3.000000
185 81.000000 134.000000 3.000000
185 106.000000 136.000000 3.000000
185 105.000000 110.000000 3.000000
186 79.000000 109.000000 3.000000
186 81.000000 134.000000 3.000000
186 106.000000 136.000000 3.000000
186 105.000000 110.000000 3.000000
187 79.000000 109.000000 3.000000
187 81.000000 134.000000 3.000000
187 106.000000 136.000000 3.000000
187 105.000000 110.000000 3.000000
188 79.000000 109.000000 3.000000
188 81.000000 134.000000 3.000000
188 106.000000 136.000000 3.000000
188 105.000000 110.000000 3.000000
189 79.000000 109.000000 3.000000
189 81.000000 134.000000 3.000000
189 106.000000 136.000000 3.000000
189 105.000000 110.000000 3.000000
190 79.000000 109.000000 3.000000
190 81.000000 134.000000 3.000000
190 106.000000 136.000000 3.000000
190 105.000000 110.000000 3.000000
191 79.000000 109.000000 3.000000
191 81.000000 134.000000 3.000000
191 106.000000 136.000000 3.000000
191 105.000000 110.000000 3.000000
192 79.000000 109.000000 3.000000
192 81.000000 134.000000 3.000000
192 106.000000 136.000000 3.000000
192 105.000000 110.000000 3.000000
193 79.000000 109.000000 3.000000
193 81.000000 134.000000 3.000000
193 106.000000 136.000000 3.000000
193 105.000000 110.000000 3.000000
194 79.000000 109.000000 3.000000
194 81.000000 134.000000 3.000000
194 106.000000 136.000000 3.000000
194 105.000000 110.000000 3.000000
195 79.000000 109.000000 3.000000
195 81.000000 134.000000 3.000000
195 106.000000 136.000000 3.000000
195 105.000000 110.000000 3.000000
196 79.000000 109.000000 3.000000
196 81.000000 134.000000 3.000000
196 106.000000 136.000000 3.000000
196 105.000000 110.000000 3.000000
197 79.000000 109.000000 3.000000
197 81.000000 134.000000 3.000000
197 106.000000 136.000000 3.000000
197 105.000000 110.000000 3.000000
198 79.000000 109.000000 3.000000
198 81.000000 134.000000 3.000000
198 106.000000 136.000000 3.000000
198 105.000000 110.000000 3.000000
199 79.000000 109.000000 3.000000
199 81.000000 134.000000 3.000000
199 106.000000 136.000000 3.000000
199 105.000000 110.000000 3.000000
200 79.000000 109.000000 3.000000
200 81.000000 134.000000 3.000000
200 106.000000 136.000000 3.000000
200 105.000000 110.000000 3.000000
201 79.000000 109.000000 3.000000
201 81.000000 134.000000 3.000000
201 106.000000 136.000000 3.000000
201 105.000000 110.000000 3.000000
202 79.000000 109.000000 3.000000
202 81.000000 134.000000 3.000000
202 106.000000 136.000000 3.000000
202 105.000000 110.000000 3.000000
203 79.000000 109.000000 3.000000
203 81.000000 134.000000 3.000000
203 106.000000 136.000000 3.000000
203 105.000000 110.000000 3.000000
204 79.000000 109.000000 3.000000
204 81.000000 134.000000 3.000000
204 106.000000 136.000000 3.000000
204 105.000000 110.000000 3.000000
205 79.000000 109.000000 3.000000
205 81.000000 134.000000 3.000000
205 106.000000 136.000000 3.000000
205 105.000000 110.000000 3.000000
206 79.000000 109.000000 3.000000
206 81.000000 134.000000 3.000000
206 106.000000 136.000000 3.000000
206 105.000000 110.000000 3.000000
207 79.000000 109.000000 3.000000
207 81.000000 134.000000 3.000000
207 106.000000 136.000000 3.000000
207 105.000000 110.000000 3.000000
208 79.000000 109.000000 3.000000
208 81.000000 134.000000 3.000000
208 106.000000 136.000000 3.000000
208 105.000000 110.000000 3.000000
209 79.000000 109.000000 3.000000
209 81.000000 134.000000 3.000000
209 106.000000 136.000000 3.000000
209 105.000000 110.000000 3.000000
210 79.000000 109.000000 3.000000
210 81.000000 134.000000 3.000000
210 106.000000 136.000000 3.000000
210 105.000000 110.000000 3.000000
211 79.000000 109.000000 3.000000
211 81.000000 134.000000 3.000000
211 106.000000 136.000000 3.000000
211 105.000000 110.000000 3.000000
212 79.000000 109.000000 3.000000
212 81.000000 134.000000 3.000000
212 106.000000 136.000000 3.000000
212 105.000000 110.000000 3.000000
213 79.000000 109.000000 3.000000
213 81.000000 134.000000 3.000000
213 106.000000 136.000000 3.000000
213 105.000000 110.000000 3.000000
214 79.000000 109.000000 3.000000
214 81.000000 134.000000 3.000000
214 106.000000 136.000000 3.000000
214 105.000000 110.000000 3.000000
215 79.000000 109.000000 3.000000
215 81.000000 134.000000 3.000000
215 106.000000 136.000000 3.000000
215 105.000000 110.000000 3.000000
216 79.000000 109.000000 3.000000
216 81.000000 134.000000 3.000000
216 106.000000 136.000000 3.000000
216 105.000000 110.000000 3.000000
217 79.000000 109.000000 3.000000
217 81.000000 134.000000 3.000000
217 106.000000 136.000000 3.000000
217 105.000000 110.000000 3.000000
218 79.000000 109.000000 3.000000
218 81.000000 134.000000 3.000000
218 106.000000 136.000000 3.000000
218 105.000000 110.000000 3.000000
219 79.000000 109.000000 3.000000
219 81.000000 134.000000 3.000000
219 106.000000 136.000000 3.000000
219 105.000000 110.000000 3.000000
220 79.000000 109.000000 3.000000
220 81.000000 134.000000 3.000000
220 106.000000 136.000000 3.000000
220 105.000000 110.000000 3.000000
221 79.000000 109.000000 3.000000
221 81.000000 134.000000 3.000000
221 106.000000 136.000000 3.000000
221 105.000000 110.000000 3.000000
222 79.000000 109.000000 3.000000
222 81.000000 134.000000 3.000000
222 106.000000 136.000000 3.000000
222 105.000000 110.000000 3.000000
223 79.000000 109.000000 3.000000
223 81.000000 134.000000 3.000000
223 106.000000 136.000000 3.000000
223 105.000000 110.000000 3.000000
224 79.000000 109.000000 3.000000
224 81.000000 134.000000 3.000000
224 106.000000 136.000000 3.000000
224 105.000000 110.000000 3.000000
