0 0.000000 0.000000 109.000000
0 79.000000 134.000000 109.000000
0 104.000000 133.000000 109.000000
0 105.000000 110.000000 109.000000
1 83.000000 111.000000 -3.000000
1 79.000000 134.000000 -3.000000
1 104.000000 133.000000 -3.000000
1 107.000000 109.000000 -3.000000
2 83.000000 111.000000 -3.000000
2 79.000000 134.000000 -3.000000
2 104.000000 133.000000 -3.000000
2 107.000000 109.000000 -3.000000
3 83.000000 111.000000 -3.000000
3 79.000000 134.000000 -3.000000
3 104.000000 133.000000 -3.000000
3 107.000000 109.000000 -3.000000
4 83.000000 111.000000 -3.000000
4 79.000000 134.000000 -3.000000
4 104.000000 133.000000 -3.000000
4 107.000000 109.000000 -3.000000
5 83.000000 111.000000 -3.000000
5 79.000000 134.000000 -3.000000
5 104.000000 133.000000 -3.000000
5 107.000000 109.000000 -3.000000
6 83.000000 111.000000 -3.000000
6 79.000000 134.000000 -3.000000
6 104.000000 133.000000 -3.000000
6 107.000000 109.000000 -3.000000
7 83.000000 111.000000 -3.000000
7 79.000000 134.000000 -3.000000
7 104.000000 133.000000 -3.000000
7 107.000000 109.000000 -3.000000
8 83.000000 111.000000 -3.000000
8 79.000000 134.000000 -3.000000
8 104.000000 133.000000 -3.000000
8 107.000000 109.000000 -3.000000
9 83.000000 111.000000 -3.000000
9 79.000000 134.000000 -3.000000
9 104.000000 133.000000 -3.000000
9 107.000000 109.000000 -3.000000
10 83.000000 111.000000 -2.000000
10 79.000000 134.000000 -2.000000
10 104.000000 134.000000 -2.000000
10 107.000000 109.000000 -2.000000
11 83.000000 111.000000 -3.000000
11 79.000000 134.000000 -3.000000
11 104.000000 133.000000 -3.000000
11 107.000000 109.000000 -3.000000
12 83.000000 111.000000 -2.000000
12 79.000000 134.000000 -2.000000
12 104.000000 134.000000 -2.000000
12 107.000000 109.000000 -2.000000
13 83.000000 111.000000 -2.000000
13 79.000000 134.000000 -2.000000
13 104.000000 134.000000 -2.000000
13 107.000000 109.000000 -2.000000
14 83.000000 111.000000 -3.000000
14 79.000000 134.000000 -3.000000
14 104.000000 133.000000 -3.000000
14 107.000000 109.000000 -3.000000
15 83.000000 111.000000 -3.000000
15 79.000000 134.000000 -3.000000
15 104.000000 133.000000 -3.000000
15 107.000000 109.000000 -3.000000
16 83.000000 111.000000 -3.000000
16 79.000000 134.000000 -3.000000
16 104.000000 133.000000 -3.000000
16 107.000000 109.000000 -3.000000
17 83.000000 111.000000 -2.000000
17 79.000000 134.000000 -2.000000
17 104.000000 134.000000 -2.000000
17 107.000000 109.000000 -2.000000
18 83.000000 111.000000 -3.000000
18 79.000000 134.000000 -3.000000
18 104.000000 133.000000 -3.000000
18 107.000000 109.000000 -3.000000
19 83.000000 111.000000 -3.000000
19 79.000000 134.000000 -3.000000
19 104.000000 133.000000 -3.000000
19 107.000000 109.000000 -3.000000
20 83.000000 111.000000 -3.000000
20 79.000000 134.000000 -3.000000
20 104.000000 133.000000 -3.000000
20 107.000000 109.000000 -3.000000
21 83.000000 111.000000 -2.000000
21 79.000000 134.000000 -2.000000
21 104.000000 134.000000 -2.000000
21 107.000000 109.000000 -2.000000
22 83.000000 111.000000 -3.000000
22 79.000000 134.000000 -3.000000
22 104.000000 133.000000 -3.000000
22 107.000000 109.000000 -3.000000
23 83.000000 111.000000 -2.000000
23 79.000000 134.000000 -2.000000
23 104.000000 134.000000 -2.000000
23 107.000000 109.000000 -2.000000
24 83.000000 111.000000 -3.000000
24 79.000000 134.000000 -3.000000
24 104.000000 133.000000 -3.000000
24 107.000000 109.000000 -3.000000
25 83.000000 111.000000 -3.000000
25 79.000000 134.000000 -3.000000
25 104.000000 133.000000 -3.000000
25 107.000000 109.000000 -3.000000
26 83.000000 111.000000 -3.000000
26 79.000000 134.000000 -3.000000
26 104.000000 133.000000 -3.000000
26 107.000000 109.000000 -3.000000
27 83.000000 111.000000 -2.000000
27 79.000000 134.000000 -2.000000
27 104.000000 134.000000 -2.000000
27 107.000000 109.000000 -2.000000
28 83.000000 111.000000 -2.000000
28 79.000000 134.000000 -2.000000
28 104.000000 134.000000 -2.000000
28 107.000000 109.000000 -2.000000
29 83.000000 111.000000 -3.000000
29 79.000000 134.000000 -3.000000
29 104.000000 133.000000 -3.000000
29 107.000000 109.000000 -3.000000
30 83.000000 111.000000 -3.000000
30 79.000000 134.000000 -3.000000
30 104.000000 133.000000 -3.000000
30 107.000000 109.000000 -3.000000
31 83.000000 111.000000 -3.000000
31 79.000000 134.000000 -3.000000
31 104.000000 133.000000 -3.000000
31 107.000000 109.000000 -3.000000
32 83.000000 111.000000 -3.000000
32 79.000000 134.000000 -3.000000
32 104.000000 133.000000 -3.000000
32 107.000000 109.000000 -3.000000
33 83.000000 111.000000 -3.000000
33 79.000000 134.000000 -3.000000
33 104.000000 133.000000 -3.000000
33 107.000000 109.000000 -3.000000
34 83.000000 111.000000 -3.000000
34 79.000000 134.000000 -3.000000
34 104.000000 133.000000 -3.000000
34 107.000000 109.000000 -3.000000
35 83.000000 111.000000 -3.000000
35 79.000000 134.000000 -3.000000
35 104.000000 133.000000 -3.000000
35 107.000000 109.000000 -3.000000
36 83.000000 111.000000 -2.000000
36 79.000000 134.000000 -2.000000
36 104.000000 134.000000 -2.000000
36 107.000000 109.000000 -2.000000
37 83.000000 111.000000 -3.000000
37 79.000000 134.000000 -3.000000
37 104.000000 133.000000 -3.000000
37 107.000000 109.000000 -3.000000
38 83.000000 111.000000 -2.000000
38 79.000000 134.000000 -2.000000
38 104.000000 134.000000 -2.000000
38 107.000000 109.000000 -2.000000
39 83.000000 111.000000 -3.000000
39 79.000000 134.000000 -3.000000
39 104.000000 133.000000 -3.000000
39 107.000000 109.000000 -3.000000
40 83.000000 111.000000 -3.000000
40 79.000000 134.000000 -3.000000
40 104.000000 133.000000 -3.000000
40 107.000000 109.000000 -3.000000
41 83.000000 111.000000 -3.000000
41 79.000000 134.000000 -3.000000
41 104.000000 133.000000 -3.000000
41 107.000000 109.000000 -3.000000
42 83.000000 111.000000 -3.000000
42 79.000000 134.000000 -3.000000
42 104.000000 133.000000 -3.000000
42 107.000000 109.000000 -3.000000
43 83.000000 111.000000 -1.000000
43 79.000000 134.000000 -1.000000
43 104.000000 134.000000 -1.000000
43 107.000000 110.000000 -1.000000
44 83.000000 111.000000 -3.000000
44 79.000000 134.000000 -3.000000
44 104.000000 133.000000 -3.000000
44 107.000000 109.000000 -3.000000
45 83.000000 111.000000 -2.000000
45 79.000000 134.000000 -2.000000
45 104.000000 134.000000 -2.000000
45 107.000000 109.000000 -2.000000
46 83.000000 111.000000 -3.000000
46 79.000000 134.000000 -3.000000
46 104.000000 133.000000 -3.000000
46 107.000000 109.000000 -3.000000
47 83.000000 111.000000 -3.000000
47 79.000000 134.000000 -3.000000
47 104.000000 133.000000 -3.000000
47 107.000000 109.000000 -3.000000
48 83.000000 111.000000 -3.000000
48 79.000000 134.000000 -3.000000
48 104.000000 133.000000 -3.000000
48 107.000000 109.000000 -3.000000
49 83.000000 111.000000 -2.000000
49 79.000000 134.000000 -2.000000
49 104.000000 134.000000 -2.000000
49 107.000000 109.000000 -2.000000
50 83.000000 111.000000 -3.000000
50 79.000000 134.000000 -3.000000
50 104.000000 133.000000 -3.000000
50 107.000000 109.000000 -3.000000
51 83.000000 111.000000 -2.000000
51 79.000000 134.000000 -2.000000
51 104.000000 134.000000 -2.000000
51 107.000000 109.000000 -2.000000
52 83.000000 111.000000 -3.000000
52 79.000000 134.000000 -3.000000
52 104.000000 133.000000 -3.000000
52 107.000000 109.000000 -3.000000
53 83.000000 111.000000 -3.000000
53 79.000000 134.000000 -3.000000
53 104.000000 133.000000 -3.000000
53 107.000000 109.000000 -3.000000
54 83.000000 111.000000 -3.000000
54 79.000000 134.000000 -3.000000
54 104.000000 133.000000 -3.000000
54 107.000000 109.000000 -3.000000
55 83.000000 111.000000 -3.000000
55 79.000000 134.000000 -3.000000
55 104.000000 133.000000 -3.000000
55 107.000000 109.000000 -3.000000
56 83.000000 111.000000 -3.000000
56 79.000000 134.000000 -3.000000
56 104.000000 133.000000 -3.000000
56 107.000000 109.000000 -3.000000
57 83.000000 111.000000 -3.000000
57 79.000000 134.000000 -3.000000
57 104.000000 133.000000 -3.000000
57 107.000000 109.000000 -3.000000
58 83.000000 111.000000 -3.000000
58 79.000000 134.000000 -3.000000
58 104.000000 133.000000 -3.000000
58 107.000000 109.000000 -3.000000
59 83.000000 111.000000 -3.000000
59 79.000000 134.000000 -3.000000
59 104.000000 133.000000 -3.000000
59 107.000000 109.000000 -3.000000
60 83.000000 111.000000 -2.000000
60 79.000000 134.000000 -2.000000
60 104.000000 134.000000 -2.000000
60 107.000000 109.000000 -2.000000
61 83.000000 111.000000 -2.000000
61 79.000000 134.000000 -2.000000
61 104.000000 134.000000 -2.000000
61 107.000000 109.000000 -2.000000
62 83.000000 111.000000 -3.000000
62 79.000000 134.000000 -3.000000
62 104.000000 133.000000 -3.000000
62 107.000000 109.000000 -3.000000
63 83.000000 111.000000 -3.000000
63 79.000000 134.000000 -3.000000
63 104.000000 133.000000 -3.000000
63 107.000000 109.000000 -3.000000
64 83.000000 111.000000 -3.000000
64 79.000000 134.000000 -3.000000
64 104.000000 133.000000 -3.000000
64 107.000000 109.000000 -3.000000
65 83.000000 111.000000 -3.000000
65 79.000000 134.000000 -3.000000
65 104.000000 133.000000 -3.000000
65 107.000000 109.000000 -3.000000
66 83.000000 111.000000 -3.000000
66 79.000000 134.000000 -3.000000
66 104.000000 133.000000 -3.000000
66 107.000000 109.000000 -3.000000
67 83.000000 111.000000 -3.000000
67 79.000000 134.000000 -3.000000
67 104.000000 133.000000 -3.000000
67 107.000000 109.000000 -3.000000
68 83.000000 111.000000 -3.000000
68 79.000000 134.000000 -3.000000
68 104.000000 133.000000 -3.000000
68 107.000000 109.000000 -3.000000
69 83.000000 111.000000 -3.000000
69 79.000000 134.000000 -3.000000
69 104.000000 133.000000 -3.000000
69 107.000000 109.000000 -3.000000
70 83.000000 111.000000 -2.000000
70 79.000000 134.000000 -2.000000
70 104.000000 134.000000 -2.000000
70 107.000000 109.000000 -2.000000
71 83.000000 111.000000 -3.000000
71 79.000000 134.000000 -3.000000
71 104.000000 133.000000 -3.000000
71 107.000000 109.000000 -3.000000
72 83.000000 111.000000 -3.000000
72 79.000000 134.000000 -3.000000
72 104.000000 133.000000 -3.000000
72 107.000000 109.000000 -3.000000
73 83.000000 111.000000 -3.000000
73 79.000000 134.000000 -3.000000
73 104.000000 133.000000 -3.000000
73 107.000000 109.000000 -3.000000
74 83.000000 111.000000 -2.000000
74 79.000000 134.000000 -2.000000
74 104.000000 134.000000 -2.000000
74 107.000000 109.000000 -2.000000
75 83.000000 111.000000 -3.000000
75 79.000000 134.000000 -3.000000
75 104.000000 133.000000 -3.000000
75 107.000000 109.000000 -3.000000
76 83.000000 111.000000 -3.000000
76 79.000000 134.000000 -3.000000
76 104.000000 133.000000 -3.000000
76 107.000000 109.000000 -3.000000
77 83.000000 111.000000 -3.000000
77 79.000000 134.000000 -3.000000
77 104.000000 133.000000 -3.000000
77 107.000000 109.000000 -3.000000
78 83.000000 111.000000 -3.000000
78 79.000000 134.000000 -3.000000
78 104.000000 133.000000 -3.000000
78 107.000000 109.000000 -3.000000
79 83.000000 111.000000 -3.000000
79 79.000000 134.000000 -3.000000
79 104.000000 133.000000 -3.000000
79 107.000000 109.000000 -3.000000
80 83.000000 111.000000 -2.000000
80 79.000000 134.000000 -2.000000
80 104.000000 134.000000 -2.000000
80 107.000000 109.000000 -2.000000
81 83.000000 111.000000 -3.000000
81 79.000000 134.000000 -3.000000
81 104.000000 133.000000 -3.000000
81 107.000000 109.000000 -3.000000
82 83.000000 111.000000 -2.000000
82 79.000000 134.000000 -2.000000
82 104.000000 134.000000 -2.000000
82 107.000000 109.000000 -2.000000
83 83.000000 111.000000 -3.000000
83 79.000000 134.000000 -3.000000
83 104.000000 133.000000 -3.000000
83 107.000000 109.000000 -3.000000
84 83.000000 111.000000 -3.000000
84 79.000000 134.000000 -3.000000
84 104.000000 133.000000 -3.000000
84 107.000000 109.000000 -3.000000
85 83.000000 111.000000 -3.000000
85 79.000000 134.000000 -3.000000
85 104.000000 133.000000 -3.000000
85 107.000000 109.000000 -3.000000
86 83.000000 111.000000 -3.000000
86 79.000000 134.000000 -3.000000
86 104.000000 133.000000 -3.000000
86 107.000000 109.000000 -3.000000
87 83.000000 111.000000 -3.000000
87 79.000000 134.000000 -3.000000
87 104.000000 133.000000 -3.000000
87 107.000000 109.000000 -3.000000
88 83.000000 111.000000 -2.000000
88 79.000000 134.000000 -2.000000
88 104.000000 134.000000 -2.000000
88 107.000000 109.000000 -2.000000
89 83.000000 111.000000 -3.000000
89 79.000000 134.000000 -3.000000
89 104.000000 133.000000 -3.000000
89 107.000000 109.000000 -3.000000
90 83.000000 111.000000 -3.000000
90 79.000000 134.000000 -3.000000
90 104.000000 133.000000 -3.000000
90 107.000000 109.000000 -3.000000
91 83.000000 111.000000 -3.000000
91 79.000000 134.000000 -3.000000
91 104.000000 133.000000 -3.000000
91 107.000000 109.000000 -3.000000
92 83.000000 111.000000 -3.000000
92 79.000000 134.000000 -3.000000
92 104.000000 133.000000 -3.000000
92 107.000000 109.000000 -3.000000
93 83.000000 111.000000 -3.000000
93 79.000000 134.000000 -3.000000
93 104.000000 133.000000 -3.000000
93 107.000000 109.000000 -3.000000
94 83.000000 111.000000 -3.000000
94 79.000000 134.000000 -3.000000
94 104.000000 133.000000 -3.000000
94 107.000000 109.000000 -3.000000
95 83.000000 111.000000 -3.000000
95 79.000000 134.000000 -3.000000
95 104.000000 133.000000 -3.000000
95 107.000000 109.000000 -3.000000
96 83.000000 111.000000 -3.000000
96 79.000000 134.000000 -3.000000
96 104.000000 133.000000 -3.000000
96 107.000000 109.000000 -3.000000
97 83.000000 111.000000 -3.000000
97 79.000000 134.000000 -3.000000
97 104.000000 133.000000 -3.000000
97 107.000000 109.000000 -3.000000
98 83.000000 111.000000 -3.000000
98 79.000000 134.000000 -3.000000
98 104.000000 133.000000 -3.000000
98 107.000000 109.000000 -3.000000
99 83.000000 111.000000 -3.000000
99 79.000000 134.000000 -3.000000
99 104.000000 133.000000 -3.000000
99 107.000000 109.000000 -3.000000
100 83.000000 111.000000 -3.000000
100 79.000000 134.000000 -3.000000
100 104.000000 133.000000 -3.000000
100 107.000000 109.000000 -3.000000
101 83.000000 111.000000 -2.000000
101 79.000000 134.000000 -2.000000
101 104.000000 134.000000 -2.000000
101 107.000000 109.000000 -2.000000
102 83.000000 111.000000 -3.000000
102 79.000000 134.000000 -3.000000
102 104.000000 133.000000 -3.000000
102 107.000000 109.000000 -3.000000
103 83.000000 111.000000 -2.000000
103 79.000000 134.000000 -2.000000
103 104.000000 134.000000 -2.000000
103 107.000000 109.000000 -2.000000
104 83.000000 111.000000 -2.000000
104 79.000000 134.000000 -2.000000
104 104.000000 134.000000 -2.000000
104 107.000000 109.000000 -2.000000
105 83.000000 111.000000 -3.000000
105 79.000000 134.000000 -3.000000
105 104.000000 133.000000 -3.000000
105 107.000000 109.000000 -3.000000
106 83.000000 111.000000 -3.000000
106 79.000000 134.000000 -3.000000
106 104.000000 133.000000 -3.000000
106 107.000000 109.000000 -3.000000
107 83.000000 111.000000 -3.000000
107 79.000000 134.000000 -3.000000
107 104.000000 133.000000 -3.000000
107 107.000000 109.000000 -3.000000
108 83.000000 111.000000 -3.000000
108 79.000000 134.000000 -3.000000
108 104.000000 133.000000 -3.000000
108 107.000000 109.000000 -3.000000
109 83.000000 111.000000 -3.000000
109 79.000000 134.000000 -3.000000
109 104.000000 133.000000 -3.000000
109 107.000000 109.000000 -3.000000
110 83.000000 111.000000 -3.000000
110 79.000000 134.000000 -3.000000
110 104.000000 133.000000 -3.000000
110 107.000000 109.000000 -3.000000
111 83.000000 111.000000 -3.000000
111 79.000000 134.000000 -3.000000
111 104.000000 133.000000 -3.000000
111 107.000000 109.000000 -3.000000
112 83.000000 111.000000 -3.000000
112 79.000000 134.000000 -3.000000
112 104.000000 133.000000 -3.000000
112 107.000000 109.000000 -3.000000
113 83.000000 111.000000 -2.000000
113 79.000000 134.000000 -2.000000
113 104.000000 134.000000 -2.000000
113 107.000000 109.000000 -2.000000
114 83.000000 111.000000 -2.000000
114 79.000000 134.000000 -2.000000
114 104.000000 134.000000 -2.000000
114 107.000000 109.000000 -2.000000
115 83.000000 111.000000 -3.000000
115 79.000000 134.000000 -3.000000
115 104.000000 133.000000 -3.000000
115 107.000000 109.000000 -3.000000
116 83.000000 111.000000 -3.000000
116 79.000000 134.000000 -3.000000
116 104.000000 133.000000 -3.000000
116 107.000000 109.000000 -3.000000
117 83.000000 111.000000 -2.000000
117 79.000000 134.000000 -2.000000
117 104.000000 134.000000 -2.000000
117 107.000000 109.000000 -2.000000
118 83.000000 111.000000 -3.000000
118 79.000000 134.000000 -3.000000
118 104.000000 133.000000 -3.000000
118 107.000000 109.000000 -3.000000
119 83.000000 111.000000 -3.000000
119 79.000000 134.000000 -3.000000
119 104.000000 133.000000 -3.000000
119 107.000000 109.000000 -3.000000
120 83.000000 111.000000 -3.000000
120 79.000000 134.000000 -3.000000
120 104.000000 133.000000 -3.000000
120 107.000000 109.000000 -3.000000
121 83.000000 111.000000 -3.000000
121 79.000000 134.000000 -3.000000
121 104.000000 133.000000 -3.000000
121 107.000000 109.000000 -3.000000
122 83.000000 111.000000 -2.000000
122 79.000000 134.000000 -2.000000
122 104.000000 133.000000 -2.000000
122 107.000000 110.000000 -2.000000
123 83.000000 111.000000 -3.000000
123 79.000000 134.000000 -3.000000
123 104.000000 133.000000 -3.000000
123 107.000000 109.000000 -3.000000
124 83.000000 111.000000 -2.000000
124 79.000000 134.000000 -2.000000
124 104.000000 134.000000 -2.000000
124 107.000000 109.000000 -2.000000
125 83.000000 111.000000 -3.000000
125 79.000000 134.000000 -3.000000
125 104.000000 133.000000 -3.000000
125 107.000000 109.000000 -3.000000
126 83.000000 111.000000 -3.000000
126 79.000000 134.000000 -3.000000
126 104.000000 133.000000 -3.000000
126 107.000000 109.000000 -3.000000
127 83.000000 111.000000 -3.000000
127 79.000000 134.000000 -3.000000
127 104.000000 133.000000 -3.000000
127 107.000000 109.000000 -3.000000
128 83.000000 111.000000 -2.000000
128 79.000000 134.000000 -2.000000
128 104.000000 134.000000 -2.000000
128 107.000000 109.000000 -2.000000
129 83.000000 111.000000 -3.000000
129 79.000000 134.000000 -3.000000
129 104.000000 133.000000 -3.000000
129 107.000000 109.000000 -3.000000
130 83.000000 111.000000 -3.000000
130 79.000000 134.000000 -3.000000
130 104.000000 133.000000 -3.000000
130 107.000000 109.000000 -3.000000
131 83.000000 111.000000 -3.000000
131 79.000000 134.000000 -3.000000
131 104.000000 133.000000 -3.000000
131 107.000000 109.000000 -3.000000
132 83.000000 111.000000 -2.000000
132 79.000000 134.000000 -2.000000
132 104.000000 133.000000 -2.000000
132 107.000000 110.000000 -2.000000
133 83.000000 111.000000 -3.000000
133 79.000000 134.000000 -3.000000
133 104.000000 133.000000 -3.000000
133 107.000000 109.000000 -3.000000
134 83.000000 111.000000 -2.000000
134 79.000000 134.000000 -2.000000
134 104.000000 134.000000 -2.000000
134 107.000000 109.000000 -2.000000
135 83.000000 111.000000 -2.000000
135 79.000000 134.000000 -2.000000
135 104.000000 134.000000 -2.000000
135 107.000000 109.000000 -2.000000
136 83.000000 111.000000 -3.000000
136 79.000000 134.000000 -3.000000
136 104.000000 133.000000 -3.000000
136 107.000000 109.000000 -3.000000
137 83.000000 111.000000 -3.000000
137 79.000000 134.000000 -3.000000
137 104.000000 133.000000 -3.000000
137 107.000000 109.000000 -3.000000
138 83.000000 111.000000 -3.000000
138 79.000000 134.000000 -3.000000
138 104.000000 133.000000 -3.000000
138 107.000000 109.000000 -3.000000
139 83.000000 111.000000 -3.000000
139 79.000000 134.000000 -3.000000
139 104.000000 133.000000 -3.000000
139 107.000000 109.000000 -3.000000
140 83.000000 111.000000 -2.000000
140 79.000000 134.000000 -2.000000
140 104.000000 134.000000 -2.000000
140 107.000000 109.000000 -2.000000
141 83.000000 111.000000 -3.000000
141 79.000000 134.000000 -3.000000
141 104.000000 133.000000 -3.000000
141 107.000000 109.000000 -3.000000
142 83.000000 111.000000 -3.000000
142 79.000000 134.000000 -3.000000
142 104.000000 133.000000 -3.000000
142 107.000000 109.000000 -3.000000
143 83.000000 111.000000 -2.000000
143 79.000000 134.000000 -2.000000
143 104.000000 134.000000 -2.000000
143 107.000000 109.000000 -2.000000
144 83.000000 111.000000 -3.000000
144 79.000000 134.000000 -3.000000
144 104.000000 133.000000 -3.000000
144 107.000000 109.000000 -3.000000
145 83.000000 111.000000 -2.000000
145 79.000000 134.000000 -2.000000
145 104.000000 134.000000 -2.000000
145 107.000000 109.000000 -2.000000
146 83.000000 111.000000 -2.000000
146 79.000000 134.000000 -2.000000
146 104.000000 134.000000 -2.000000
146 107.000000 109.000000 -2.000000
147 83.000000 111.000000 -2.000000
147 79.000000 134.000000 -2.000000
147 104.000000 134.000000 -2.000000
147 107.000000 109.000000 -2.000000
148 83.000000 111.000000 -3.000000
148 79.000000 134.000000 -3.000000
148 104.000000 133.000000 -3.000000
148 107.000000 109.000000 -3.000000
149 83.000000 111.000000 -3.000000
149 79.000000 134.000000 -3.000000
149 104.000000 133.000000 -3.000000
149 107.000000 109.000000 -3.000000
150 83.000000 111.000000 -3.000000
150 79.000000 134.000000 -3.000000
150 104.000000 133.000000 -3.000000
150 107.000000 109.000000 -3.000000
151 83.000000 111.000000 -3.000000
151 79.000000 134.000000 -3.000000
151 104.000000 133.000000 -3.000000
151 107.000000 109.000000 -3.000000
152 83.000000 111.000000 -2.000000
152 79.000000 134.000000 -2.000000
152 104.000000 134.000000 -2.000000
152 107.000000 109.000000 -2.000000
153 83.000000 111.000000 -3.000000
153 79.000000 134.000000 -3.000000
153 104.000000 133.000000 -3.000000
153 107.000000 109.000000 -3.000000
154 83.000000 111.000000 -3.000000
154 79.000000 134.000000 -3.000000
154 104.000000 133.000000 -3.000000
154 107.000000 109.000000 -3.000000
155 83.000000 111.000000 -2.000000
155 79.000000 134.000000 -2.000000
155 104.000000 134.000000 -2.000000
155 107.000000 109.000000 -2.000000
156 83.000000 111.000000 -2.000000
156 79.000000 134.000000 -2.000000
156 104.000000 134.000000 -2.000000
156 107.000000 109.000000 -2.000000
157 83.000000 111.000000 -3.000000
157 79.000000 134.000000 -3.000000
157 104.000000 133.000000 -3.000000
157 107.000000 109.000000 -3.000000
158 83.000000 111.000000 -3.000000
158 79.000000 134.000000 -3.000000
158 104.000000 133.000000 -3.000000
158 107.000000 109.000000 -3.000000
159 83.000000 111.000000 -3.000000
159 79.000000 134.000000 -3.000000
159 104.000000 133.000000 -3.000000
159 107.000000 109.000000 -3.000000
160 83.000000 111.000000 -3.000000
160 79.000000 134.000000 -3.000000
160 104.000000 133.000000 -3.000000
160 107.000000 109.000000 -3.000000
161 83.000000 111.000000 -3.000000
161 79.000000 134.000000 -3.000000
161 104.000000 133.000000 -3.000000
161 107.000000 109.000000 -3.000000
162 83.000000 111.000000 -3.000000
162 79.000000 134.000000 -3.000000
162 104.000000 133.000000 -3.000000
162 107.000000 109.000000 -3.000000
163 83.000000 111.000000 -3.000000
163 79.000000 134.000000 -3.000000
163 104.000000 133.000000 -3.000000
163 107.000000 109.000000 -3.000000
164 83.000000 111.000000 -3.000000
164 79.000000 134.000000 -3.000000
164 104.000000 133.000000 -3.000000
164 107.000000 109.000000 -3.000000
165 83.000000 111.000000 -2.000000
165 79.000000 134.000000 -2.000000
165 104.000000 134.000000 -2.000000
165 107.000000 109.000000 -2.000000
166 83.000000 111.000000 -3.000000
166 79.000000 134.000000 -3.000000
166 104.000000 133.000000 -3.000000
166 107.000000 109.000000 -3.000000
167 83.000000 111.000000 -3.000000
167 79.000000 134.000000 -3.000000
167 104.000000 133.000000 -3.000000
167 107.000000 109.000000 -3.000000
168 83.000000 111.000000 -3.000000
168 79.000000 134.000000 -3.000000
168 104.000000 133.000000 -3.000000
168 107.000000 109.000000 -3.000000
169 83.000000 111.000000 -3.000000
169 79.000000 134.000000 -3.000000
169 104.000000 133.000000 -3.000000
169 107.000000 109.000000 -3.000000
170 83.000000 111.000000 -2.000000
170 79.000000 134.000000 -2.000000
170 104.000000 134.000000 -2.000000
170 107.000000 109.000000 -2.000000
171 83.000000 111.000000 -3.000000
171 79.000000 134.000000 -3.000000
171 104.000000 133.000000 -3.000000
171 107.000000 109.000000 -3.000000
172 83.000000 111.000000 -3.000000
172 79.000000 134.000000 -3.000000
172 104.000000 133.000000 -3.000000
172 107.000000 109.000000 -3.000000
173 83.000000 111.000000 -3.000000
173 79.000000 134.000000 -3.000000
173 104.000000 133.000000 -3.000000
173 107.000000 109.000000 -3.000000
174 83.000000 111.000000 -3.000000
174 79.000000 134.000000 -3.000000
174 104.000000 133.000000 -3.000000
174 107.000000 109.000000 -3.000000
175 83.000000 111.000000 -2.000000
175 79.000000 134.000000 -2.000000
175 104.000000 134.000000 -2.000000
175 107.000000 109.000000 -2.000000
176 83.000000 111.000000 -3.000000
176 79.000000 134.000000 -3.000000
176 104.000000 133.000000 -3.000000
176 107.000000 109.000000 -3.000000
177 83.000000 111.000000 -3.000000
177 79.000000 134.000000 -3.000000
177 104.000000 133.000000 -3.000000
177 107.000000 109.000000 -3.000000
178 83.000000 111.000000 -3.000000
178 79.000000 134.000000 -3.000000
178 104.000000 133.000000 -3.000000
178 107.000000 109.000000 -3.000000
179 83.000000 111.000000 -3.000000
179 79.000000 134.000000 -3.000000
179 104.000000 133.000000 -3.000000
179 107.000000 109.000000 -3.000000
180 83.000000 111.000000 -3.000000
180 79.000000 134.000000 -3.000000
180 104.000000 133.000000 -3.000000
180 107.000000 109.000000 -3.000000
181 83.000000 111.000000 -3.000000
181 79.000000 134.000000 -3.000000
181 104.000000 133.000000 -3.000000
181 107.000000 109.000000 -3.000000
182 83.000000 111.000000 -2.000000
182 79.000000 134.000000 -2.000000
182 104.000000 134.000000 -2.000000
182 107.000000 109.000000 -2.000000
183 83.000000 111.000000 -3.000000
183 79.000000 134.000000 -3.000000
183 104.000000 133.000000 -3.000000
183 107.000000 109.000000 -3.000000
184 83.000000 111.000000 -3.000000
184 79.000000 134.000000 -3.000000
184 104.000000 133.000000 -3.000000
184 107.000000 109.000000 -3.000000
185 83.000000 111.000000 -3.000000
185 79.000000 134.000000 -3.000000
185 104.000000 133.000000 -3.000000
185 107.000000 109.000000 -3.000000
186 83.000000 111.000000 -3.000000
186 79.000000 134.000000 -3.000000
186 104.000000 133.000000 -3.000000
186 107.000000 109.000000 -3.000000
187 83.000000 111.000000 -3.000000
187 79.000000 134.000000 -3.000000
187 104.000000 133.000000 -3.000000
187 107.000000 109.000000 -3.000000
188 83.000000 111.000000 -3.000000
188 79.000000 134.000000 -3.000000
188 104.000000 133.000000 -3.000000
188 107.000000 109.000000 -3.000000
189 83.000000 111.000000 -3.000000
189 79.000000 134.000000 -3.000000
189 104.000000 133.000000 -3.000000
189 107.000000 109.000000 -3.000000
190 83.000000 111.000000 -3.000000
190 79.000000 134.000000 -3.000000
190 104.000000 133.000000 -3.000000
190 107.000000 109.000000 -3.000000
191 83.000000 111.000000 -3.000000
191 79.000000 134.000000 -3.000000
191 104.000000 133.000000 -3.000000
191 107.000000 109.000000 -3.000000
192 83.000000 111.000000 -3.000000
192 79.000000 134.000000 -3.000000
192 104.000000 133.000000 -3.000000
192 107.000000 109.000000 -3.000000
193 83.000000 111.000000 -2.000000
193 79.000000 134.000000 -2.000000
193 104.000000 134.000000 -2.000000
193 107.000000 109.000000 -2.000000
194 83.000000 111.000000 -3.000000
194 79.000000 134.000000 -3.000000
194 104.000000 133.000000 -3.000000
194 107.000000 109.000000 -3.000000
195 83.000000 111.000000 -3.000000
195 79.000000 134.000000 -3.000000
195 104.000000 133.000000 -3.000000
195 107.000000 109.000000 -3.000000
196 83.000000 111.000000 -2.000000
196 79.000000 134.000000 -2.000000
196 104.000000 134.000000 -2.000000
196 107.000000 109.000000 -2.000000
197 83.000000 111.000000 -2.000000
197 79.000000 134.000000 -2.000000
197 104.000000 134.000000 -2.000000
197 107.000000 109.000000 -2.000000
198 83.000000 111.000000 -3.000000
198 79.000000 134.000000 -3.000000
198 104.000000 133.000000 -3.000000
198 107.000000 109.000000 -3.000000
199 83.000000 111.000000 -3.000000
199 79.000000 134.000000 -3.000000
199 104.000000 133.000000 -3.000000
199 107.000000 109.000000 -3.000000
200 83.000000 111.000000 -2.000000
200 79.000000 134.000000 -2.000000
200 104.000000 134.000000 -2.000000
200 107.000000 109.000000 -2.000000
201 83.000000 111.000000 -2.000000
201 79.000000 134.000000 -2.000000
201 104.000000 134.000000 -2.000000
201 107.000000 109.000000 -2.000000
202 83.000000 111.000000 -3.000000
202 79.000000 134.000000 -3.000000
202 104.000000 133.000000 -3.000000
202 107.000000 109.000000 -3.000000
203 83.000000 111.000000 -3.000000
203 79.000000 134.000000 -3.000000
203 104.000000 133.000000 -3.000000
203 107.000000 109.000000 -3.000000
204 83.000000 111.000000 -2.000000
204 79.000000 134.000000 -2.000000
204 104.000000 134.000000 -2.000000
204 107.000000 109.000000 -2.000000
205 83.000000 111.000000 -3.000000
205 79.000000 134.000000 -3.000000
205 104.000000 133.000000 -3.000000
205 107.000000 109.000000 -3.000000
206 83.000000 111.000000 -3.000000
206 79.000000 134.000000 -3.000000
206 104.000000 133.000000 -3.000000
206 107.000000 109.000000 -3.000000
207 83.000000 111.000000 -2.000000
207 79.000000 134.000000 -2.000000
207 104.000000 134.000000 -2.000000
207 107.000000 109.000000 -2.000000
208 83.000000 111.000000 -2.000000
208 79.000000 134.000000 -2.000000
208 104.000000 134.000000 -2.000000
208 107.000000 109.000000 -2.000000
209 83.000000 111.000000 -3.000000
209 79.000000 134.000000 -3.000000
209 104.000000 133.000000 -3.000000
209 107.000000 109.000000 -3.000000
210 83.000000 111.000000 -2.000000
210 79.000000 134.000000 -2.000000
210 104.000000 134.000000 -2.000000
210 107.000000 109.000000 -2.000000
211 83.000000 111.000000 -3.000000
211 79.000000 134.000000 -3.000000
211 104.000000 133.000000 -3.000000
211 107.000000 109.000000 -3.000000
212 83.000000 111.000000 -2.000000
212 79.000000 134.000000 -2.000000
212 104.000000 134.000000 -2.000000
212 107.000000 109.000000 -2.000000
213 83.000000 111.000000 -3.000000
213 79.000000 134.000000 -3.000000
213 104.000000 133.000000 -3.000000
213 107.000000 109.000000 -3.000000
214 83.000000 111.000000 -3.000000
214 79.000000 134.000000 -3.000000
214 104.000000 133.000000 -3.000000
214 107.000000 109.000000 -3.000000
215 83.000000 111.000000 -2.000000
215 79.000000 134.000000 -2.000000
215 104.000000 134.000000 -2.000000
215 107.000000 109.000000 -2.000000
216 83.000000 111.000000 -3.000000
216 79.000000 134.000000 -3.000000
216 104.000000 133.000000 -3.000000
216 107.000000 109.000000 -3.000000
217 83.000000 111.000000 -3.000000
217 79.000000 134.000000 -3.000000
217 104.000000 133.000000 -3.000000
217 107.000000 109.000000 -3.000000
218 83.000000 111.000000 -2.000000
218 79.000000 134.000000 -2.000000
218 104.000000 134.000000 -2.000000
218 107.000000 109.000000 -2.000000
219 83.000000 111.000000 -3.000000
219 79.000000 134.000000 -3.000000
219 104.000000 133.000000 -3.000000
219 107.000000 109.000000 -3.000000
220 83.000000 111.000000 -3.000000
220 79.000000 134.000000 -3.000000
220 104.000000 133.000000 -3.000000
220 107.000000 109.000000 -3.000000
221 83.000000 111.000000 -2.000000
221 79.000000 134.000000 -2.000000
221 104.000000 134.000000 -2.000000
221 107.000000 109.000000 -2.000000
222 83.000000 111.000000 -3.000000
222 79.000000 134.000000 -3.000000
222 104.000000 133.000000 -3.000000
222 107.000000 109.000000 -3.000000
223 83.000000 111.000000 -3.000000
223 79.000000 134.000000 -3.000000
223 104.000000 133.000000 -3.000000
223 107.000000 109.000000 -3.000000
224 83.000000 111.000000 -2.000000
224 79.000000 134.000000 -2.000000
224 104.000000 134.000000 -2.000000
224 107.000000 109.000000 -2.000000
225 83.000000 111.000000 -3.000000
225 79.000000 134.000000 -3.000000
225 104.000000 133.000000 -3.000000
225 107.000000 109.000000 -3.000000
226 83.000000 111.000000 -3.000000
226 79.000000 134.000000 -3.000000
226 104.000000 133.000000 -3.000000
226 107.000000 109.000000 -3.000000
227 83.000000 111.000000 -2.000000
227 79.000000 134.000000 -2.000000
227 104.000000 134.000000 -2.000000
227 107.000000 109.000000 -2.000000
228 83.000000 111.000000 -3.000000
228 79.000000 134.000000 -3.000000
228 104.000000 133.000000 -3.000000
228 107.000000 109.000000 -3.000000
229 83.000000 111.000000 -3.000000
229 79.000000 134.000000 -3.000000
229 104.000000 133.000000 -3.000000
229 107.000000 109.000000 -3.000000
230 83.000000 111.000000 -2.000000
230 79.000000 134.000000 -2.000000
230 104.000000 134.000000 -2.000000
230 107.000000 109.000000 -2.000000
231 83.000000 111.000000 -3.000000
231 79.000000 134.000000 -3.000000
231 104.000000 133.000000 -3.000000
231 107.000000 109.000000 -3.000000
232 83.000000 111.000000 -3.000000
232 79.000000 134.000000 -3.000000
232 104.000000 133.000000 -3.000000
232 107.000000 109.000000 -3.000000
233 83.000000 111.000000 -2.000000
233 79.000000 134.000000 -2.000000
233 104.000000 134.000000 -2.000000
233 107.000000 109.000000 -2.000000
234 83.000000 111.000000 -2.000000
234 79.000000 134.000000 -2.000000
234 104.000000 134.000000 -2.000000
234 107.000000 109.000000 -2.000000
235 83.000000 111.000000 -3.000000
235 79.000000 134.000000 -3.000000
235 104.000000 133.000000 -3.000000
235 107.000000 109.000000 -3.000000
236 83.000000 111.000000 -3.000000
236 79.000000 134.000000 -3.000000
236 104.000000 133.000000 -3.000000
236 107.000000 109.000000 -3.000000
237 83.000000 111.000000 -3.000000
237 79.000000 134.000000 -3.000000
237 104.000000 133.000000 -3.000000
237 107.000000 109.000000 -3.000000
238 83.000000 111.000000 -3.000000
238 79.000000 134.000000 -3.000000
238 104.000000 133.000000 -3.000000
238 107.000000 109.000000 -3.000000
239 83.000000 111.000000 -3.000000
239 79.000000 134.000000 -3.000000
239 104.000000 133.000000 -3.000000
239 107.000000 109.000000 -3.000000
240 83.000000 111.000000 -3.000000
240 79.000000 134.000000 -3.000000
240 104.000000 133.000000 -3.000000
240 107.000000 109.000000 -3.000000
241 83.000000 111.000000 -2.000000
241 79.000000 134.000000 -2.000000
241 104.000000 134.000000 -2.000000
241 107.000000 109.000000 -2.000000
242 83.000000 111.000000 -2.000000
242 79.000000 134.000000 -2.000000
242 104.000000 134.000000 -2.000000
242 107.000000 109.000000 -2.000000
243 83.000000 111.000000 -3.000000
243 79.000000 134.000000 -3.000000
243 104.000000 133.000000 -3.000000
243 107.000000 109.000000 -3.000000
244 83.000000 111.000000 -2.000000
244 79.000000 134.000000 -2.000000
244 104.000000 134.000000 -2.000000
244 107.000000 109.000000 -2.000000
245 83.000000 111.000000 -2.000000
245 79.000000 134.000000 -2.000000
245 104.000000 134.000000 -2.000000
245 107.000000 109.000000 -2.000000
246 83.000000 111.000000 -2.000000
246 79.000000 134.000000 -2.000000
246 104.000000 134.000000 -2.000000
246 107.000000 109.000000 -2.000000
247 83.000000 111.000000 -3.000000
247 79.000000 134.000000 -3.000000
247 104.000000 133.000000 -3.000000
247 107.000000 109.000000 -3.000000
248 83.000000 111.000000 -3.000000
248 79.000000 134.000000 -3.000000
248 104.000000 133.000000 -3.000000
248 107.000000 109.000000 -3.000000
249 83.000000 111.000000 -3.000000
249 79.000000 134.000000 -3.000000
249 104.000000 133.000000 -3.000000
249 107.000000 109.000000 -3.000000
250 83.000000 111.000000 -3.000000
250 79.000000 134.000000 -3.000000
250 104.000000 133.000000 -3.000000
250 107.000000 109.000000 -3.000000
251 83.000000 111.000000 -3.000000
251 79.000000 134.000000 -3.000000
251 104.000000 133.000000 -3.000000
251 107.000000 109.000000 -3.000000
252 83.000000 111.000000 -3.000000
252 79.000000 134.000000 -3.000000
252 104.000000 133.000000 -3.000000
252 107.000000 109.000000 -3.000000
253 83.000000 111.000000 -2.000000
253 79.000000 134.000000 -2.000000
253 104.000000 134.000000 -2.000000
253 107.000000 109.000000 -2.000000
254 83.000000 111.000000 -2.000000
254 79.000000 134.000000 -2.000000
254 104.000000 134.000000 -2.000000
254 107.000000 109.000000 -2.000000
255 83.000000 111.000000 -2.000000
255 79.000000 134.000000 -2.000000
255 104.000000 134.000000 -2.000000
255 107.000000 109.000000 -2.000000
256 83.000000 111.000000 -3.000000
256 79.000000 134.000000 -3.000000
256 104.000000 133.000000 -3.000000
256 107.000000 109.000000 -3.000000
257 83.000000 111.000000 -3.000000
257 79.000000 134.000000 -3.000000
257 104.000000 133.000000 -3.000000
257 107.000000 109.000000 -3.000000
258 83.000000 111.000000 -3.000000
258 79.000000 134.000000 -3.000000
258 104.000000 133.000000 -3.000000
258 107.000000 109.000000 -3.000000
259 83.000000 111.000000 -2.000000
259 79.000000 134.000000 -2.000000
259 104.000000 134.000000 -2.000000
259 107.000000 109.000000 -2.000000
260 83.000000 111.000000 -3.000000
260 79.000000 134.000000 -3.000000
260 104.000000 133.000000 -3.000000
260 107.000000 109.000000 -3.000000
261 83.000000 111.000000 -2.000000
261 79.000000 134.000000 -2.000000
261 104.000000 134.000000 -2.000000
261 107.000000 109.000000 -2.000000
262 83.000000 111.000000 -3.000000
262 79.000000 134.000000 -3.000000
262 104.000000 133.000000 -3.000000
262 107.000000 109.000000 -3.000000
263 83.000000 111.000000 -3.000000
263 79.000000 134.000000 -3.000000
263 104.000000 133.000000 -3.000000
263 107.000000 109.000000 -3.000000
264 83.000000 111.000000 -3.000000
264 79.000000 134.000000 -3.000000
264 104.000000 133.000000 -3.000000
264 107.000000 109.000000 -3.000000
265 83.000000 111.000000 -2.000000
265 79.000000 134.000000 -2.000000
265 104.000000 134.000000 -2.000000
265 107.000000 109.000000 -2.000000
266 83.000000 111.000000 -3.000000
266 79.000000 134.000000 -3.000000
266 104.000000 133.000000 -3.000000
266 107.000000 109.000000 -3.000000
267 83.000000 111.000000 -3.000000
267 79.000000 134.000000 -3.000000
267 104.000000 133.000000 -3.000000
267 107.000000 109.000000 -3.000000
268 83.000000 111.000000 -3.000000
268 79.000000 134.000000 -3.000000
268 104.000000 133.000000 -3.000000
268 107.000000 109.000000 -3.000000
269 83.000000 111.000000 -3.000000
269 79.000000 134.000000 -3.000000
269 104.000000 133.000000 -3.000000
269 107.000000 109.000000 -3.000000
270 83.000000 111.000000 -2.000000
270 79.000000 134.000000 -2.000000
270 104.000000 134.000000 -2.000000
270 107.000000 109.000000 -2.000000
271 83.000000 111.000000 -3.000000
271 79.000000 134.000000 -3.000000
271 104.000000 133.000000 -3.000000
271 107.000000 109.000000 -3.000000
272 83.000000 111.000000 -3.000000
272 79.000000 134.000000 -3.000000
272 104.000000 133.000000 -3.000000
272 107.000000 109.000000 -3.000000
273 83.000000 111.000000 -3.000000
273 79.000000 134.000000 -3.000000
273 104.000000 133.000000 -3.000000
273 107.000000 109.000000 -3.000000
274 83.000000 111.000000 -2.000000
274 79.000000 134.000000 -2.000000
274 104.000000 134.000000 -2.000000
274 107.000000 109.000000 -2.000000
275 83.000000 111.000000 -2.000000
275 79.000000 134.000000 -2.000000
275 104.000000 134.000000 -2.000000
275 107.000000 109.000000 -2.000000
276 83.000000 111.000000 -3.000000
276 79.000000 134.000000 -3.000000
276 104.000000 133.000000 -3.000000
276 107.000000 109.000000 -3.000000
277 83.000000 111.000000 -3.000000
277 79.000000 134.000000 -3.000000
277 104.000000 133.000000 -3.000000
277 107.000000 109.000000 -3.000000
278 83.000000 111.000000 -3.000000
278 79.000000 134.000000 -3.000000
278 104.000000 133.000000 -3.000000
278 107.000000 109.000000 -3.000000
279 83.000000 111.000000 -2.000000
279 79.000000 134.000000 -2.000000
279 104.000000 134.000000 -2.000000
279 107.000000 109.000000 -2.000000
280 83.000000 111.000000 -3.000000
280 79.000000 134.000000 -3.000000
280 104.000000 133.000000 -3.000000
280 107.000000 109.000000 -3.000000
281 83.000000 111.000000 -2.000000
281 79.000000 134.000000 -2.000000
281 104.000000 134.000000 -2.000000
281 107.000000 109.000000 -2.000000
282 83.000000 111.000000 -3.000000
282 79.000000 134.000000 -3.000000
282 104.000000 133.000000 -3.000000
282 107.000000 109.000000 -3.000000
283 83.000000 111.000000 -3.000000
283 79.000000 134.000000 -3.000000
283 104.000000 133.000000 -3.000000
283 107.000000 109.000000 -3.000000
284 83.000000 111.000000 -2.000000
284 79.000000 134.000000 -2.000000
284 104.000000 134.000000 -2.000000
284 107.000000 109.000000 -2.000000
285 83.000000 111.000000 -2.000000
285 79.000000 134.000000 -2.000000
285 104.000000 134.000000 -2.000000
285 107.000000 109.000000 -2.000000
286 83.000000 111.000000 -3.000000
286 79.000000 134.000000 -3.000000
286 104.000000 133.000000 -3.000000
286 107.000000 109.000000 -3.000000
287 83.000000 111.000000 -3.000000
287 79.000000 134.000000 -3.000000
287 104.000000 133.000000 -3.000000
287 107.000000 109.000000 -3.000000
288 83.000000 111.000000 -2.000000
288 79.000000 134.000000 -2.000000
288 104.000000 134.000000 -2.000000
288 107.000000 109.000000 -2.000000
289 83.000000 111.000000 -3.000000
289 79.000000 134.000000 -3.000000
289 104.000000 133.000000 -3.000000
289 107.000000 109.000000 -3.000000
290 83.000000 111.000000 -3.000000
290 79.000000 134.000000 -3.000000
290 104.000000 133.000000 -3.000000
290 107.000000 109.000000 -3.000000
291 83.000000 111.000000 -2.000000
291 79.000000 134.000000 -2.000000
291 104.000000 134.000000 -2.000000
291 107.000000 109.000000 -2.000000
292 83.000000 111.000000 -3.000000
292 79.000000 134.000000 -3.000000
292 104.000000 133.000000 -3.000000
292 107.000000 109.000000 -3.000000
293 83.000000 111.000000 -3.000000
293 79.000000 134.000000 -3.000000
293 104.000000 133.000000 -3.000000
293 107.000000 109.000000 -3.000000
294 83.000000 111.000000 -3.000000
294 79.000000 134.000000 -3.000000
294 104.000000 133.000000 -3.000000
294 107.000000 109.000000 -3.000000
295 83.000000 111.000000 -3.000000
295 79.000000 134.000000 -3.000000
295 104.000000 133.000000 -3.000000
295 107.000000 109.000000 -3.000000
296 83.000000 111.000000 -3.000000
296 79.000000 134.000000 -3.000000
296 104.000000 133.000000 -3.000000
296 107.000000 109.000000 -3.000000
297 83.000000 111.000000 -3.000000
297 79.000000 134.000000 -3.000000
297 104.000000 133.000000 -3.000000
297 107.000000 109.000000 -3.000000
298 83.000000 111.000000 -3.000000
298 79.000000 134.000000 -3.000000
298 104.000000 133.000000 -3.000000
298 107.000000 109.000000 -3.000000
299 83.000000 111.000000 -2.000000
299 79.000000 134.000000 -2.000000
299 104.000000 134.000000 -2.000000
299 107.000000 109.000000 -2.000000
300 83.000000 111.000000 -3.000000
300 79.000000 134.000000 -3.000000
300 104.000000 133.000000 -3.000000
300 107.000000 109.000000 -3.000000
301 83.000000 111.000000 -3.000000
301 79.000000 134.000000 -3.000000
301 104.000000 133.000000 -3.000000
301 107.000000 109.000000 -3.000000
302 83.000000 111.000000 -3.000000
302 79.000000 134.000000 -3.000000
302 104.000000 133.000000 -3.000000
302 107.000000 109.000000 -3.000000
303 83.000000 111.000000 -3.000000
303 79.000000 134.000000 -3.000000
303 104.000000 133.000000 -3.000000
303 107.000000 109.000000 -3.000000
304 83.000000 111.000000 -2.000000
304 79.000000 134.000000 -2.000000
304 104.000000 133.000000 -2.000000
304 107.000000 110.000000 -2.000000
305 83.000000 111.000000 -2.000000
305 79.000000 134.000000 -2.000000
305 104.000000 134.000000 -2.000000
305 107.000000 109.000000 -2.000000
306 83.000000 111.000000 -3.000000
306 79.000000 134.000000 -3.000000
306 104.000000 133.000000 -3.000000
306 107.000000 109.000000 -3.000000
307 83.000000 111.000000 -2.000000
307 79.000000 134.000000 -2.000000
307 104.000000 134.000000 -2.000000
307 107.000000 109.000000 -2.000000
308 83.000000 111.000000 -3.000000
308 79.000000 134.000000 -3.000000
308 104.000000 133.000000 -3.000000
308 107.000000 109.000000 -3.000000
309 83.000000 111.000000 -2.000000
309 79.000000 134.000000 -2.000000
309 104.000000 134.000000 -2.000000
309 107.000000 109.000000 -2.000000
310 83.000000 111.000000 -3.000000
310 79.000000 134.000000 -3.000000
310 104.000000 133.000000 -3.000000
310 107.000000 109.000000 -3.000000
311 83.000000 111.000000 -3.000000
311 79.000000 134.000000 -3.000000
311 104.000000 133.000000 -3.000000
311 107.000000 109.000000 -3.000000
312 83.000000 111.000000 -2.000000
312 79.000000 134.000000 -2.000000
312 104.000000 134.000000 -2.000000
312 107.000000 109.000000 -2.000000
313 83.000000 111.000000 -3.000000
313 79.000000 134.000000 -3.000000
313 104.000000 133.000000 -3.000000
313 107.000000 109.000000 -3.000000
314 83.000000 111.000000 -3.000000
314 79.000000 134.000000 -3.000000
314 104.000000 133.000000 -3.000000
314 107.000000 109.000000 -3.000000
315 83.000000 111.000000 -3.000000
315 79.000000 134.000000 -3.000000
315 104.000000 133.000000 -3.000000
315 107.000000 109.000000 -3.000000
316 83.000000 111.000000 -2.000000
316 79.000000 134.000000 -2.000000
316 104.000000 134.000000 -2.000000
316 107.000000 109.000000 -2.000000
317 83.000000 111.000000 -2.000000
317 79.000000 134.000000 -2.000000
317 104.000000 134.000000 -2.000000
317 107.000000 109.000000 -2.000000
318 83.000000 111.000000 -2.000000
318 79.000000 134.000000 -2.000000
318 104.000000 134.000000 -2.000000
318 107.000000 109.000000 -2.000000
319 83.000000 111.000000 -2.000000
319 79.000000 134.000000 -2.000000
319 104.000000 134.000000 -2.000000
319 107.000000 109.000000 -2.000000
320 83.000000 111.000000 -2.000000
320 79.000000 134.000000 -2.000000
320 104.000000 134.000000 -2.000000
320 107.000000 109.000000 -2.000000
321 83.000000 111.000000 -3.000000
321 79.000000 134.000000 -3.000000
321 104.000000 133.000000 -3.000000
321 107.000000 109.000000 -3.000000
322 83.000000 111.000000 -3.000000
322 79.000000 134.000000 -3.000000
322 104.000000 133.000000 -3.000000
322 107.000000 109.000000 -3.000000
323 83.000000 111.000000 -3.000000
323 79.000000 134.000000 -3.000000
323 104.000000 133.000000 -3.000000
323 107.000000 109.000000 -3.000000
324 83.000000 111.000000 -2.000000
324 79.000000 134.000000 -2.000000
324 104.000000 134.000000 -2.000000
324 107.000000 109.000000 -2.000000
325 83.000000 111.000000 -3.000000
325 79.000000 134.000000 -3.000000
325 104.000000 133.000000 -3.000000
325 107.000000 109.000000 -3.000000
326 83.000000 111.000000 -3.000000
326 79.000000 134.000000 -3.000000
326 104.000000 133.000000 -3.000000
326 107.000000 109.000000 -3.000000
327 83.000000 111.000000 -3.000000
327 79.000000 134.000000 -3.000000
327 104.000000 133.000000 -3.000000
327 107.000000 109.000000 -3.000000
328 83.000000 111.000000 -3.000000
328 79.000000 134.000000 -3.000000
328 104.000000 133.000000 -3.000000
328 107.000000 109.000000 -3.000000
329 83.000000 111.000000 -2.000000
329 79.000000 134.000000 -2.000000
329 104.000000 134.000000 -2.000000
329 107.000000 109.000000 -2.000000
330 83.000000 111.000000 -3.000000
330 79.000000 134.000000 -3.000000
330 104.000000 133.000000 -3.000000
330 107.000000 109.000000 -3.000000
331 83.000000 111.000000 -2.000000
331 79.000000 134.000000 -2.000000
331 104.000000 134.000000 -2.000000
331 107.000000 109.000000 -2.000000
332 83.000000 111.000000 -2.000000
332 79.000000 134.000000 -2.000000
332 104.000000 134.000000 -2.000000
332 107.000000 109.000000 -2.000000
333 83.000000 111.000000 -3.000000
333 79.000000 134.000000 -3.000000
333 104.000000 133.000000 -3.000000
333 107.000000 109.000000 -3.000000
334 83.000000 111.000000 -3.000000
334 79.000000 134.000000 -3.000000
334 104.000000 133.000000 -3.000000
334 107.000000 109.000000 -3.000000
335 83.000000 111.000000 -2.000000
335 79.000000 134.000000 -2.000000
335 104.000000 134.000000 -2.000000
335 107.000000 109.000000 -2.000000
336 83.000000 111.000000 -2.000000
336 79.000000 134.000000 -2.000000
336 104.000000 134.000000 -2.000000
336 107.000000 109.000000 -2.000000
337 83.000000 111.000000 -3.000000
337 79.000000 134.000000 -3.000000
337 104.000000 133.000000 -3.000000
337 107.000000 109.000000 -3.000000
338 83.000000 111.000000 -3.000000
338 79.000000 134.000000 -3.000000
338 104.000000 133.000000 -3.000000
338 107.000000 109.000000 -3.000000
339 83.000000 111.000000 -3.000000
339 79.000000 134.000000 -3.000000
339 104.000000 133.000000 -3.000000
339 107.000000 109.000000 -3.000000
340 83.000000 111.000000 -3.000000
340 79.000000 134.000000 -3.000000
340 104.000000 133.000000 -3.000000
340 107.000000 109.000000 -3.000000
341 83.000000 111.000000 -3.000000
341 79.000000 134.000000 -3.000000
341 104.000000 133.000000 -3.000000
341 107.000000 109.000000 -3.000000
342 83.000000 111.000000 -2.000000
342 79.000000 134.000000 -2.000000
342 104.000000 134.000000 -2.000000
342 107.000000 109.000000 -2.000000
343 83.000000 111.000000 -3.000000
343 79.000000 134.000000 -3.000000
343 104.000000 133.000000 -3.000000
343 107.000000 109.000000 -3.000000
344 83.000000 111.000000 -2.000000
344 79.000000 134.000000 -2.000000
344 104.000000 134.000000 -2.000000
344 107.000000 109.000000 -2.000000
345 83.000000 111.000000 -3.000000
345 79.000000 134.000000 -3.000000
345 104.000000 133.000000 -3.000000
345 107.000000 109.000000 -3.000000
346 83.000000 111.000000 -2.000000
346 79.000000 134.000000 -2.000000
346 104.000000 134.000000 -2.000000
346 107.000000 109.000000 -2.000000
347 83.000000 111.000000 -3.000000
347 79.000000 134.000000 -3.000000
347 104.000000 133.000000 -3.000000
347 107.000000 109.000000 -3.000000
348 83.000000 111.000000 -3.000000
348 79.000000 134.000000 -3.000000
348 104.000000 133.000000 -3.000000
348 107.000000 109.000000 -3.000000
349 83.000000 111.000000 -3.000000
349 79.000000 134.000000 -3.000000
349 104.000000 133.000000 -3.000000
349 107.000000 109.000000 -3.000000
350 83.000000 111.000000 -3.000000
350 79.000000 134.000000 -3.000000
350 104.000000 133.000000 -3.000000
350 107.000000 109.000000 -3.000000
351 83.000000 111.000000 -3.000000
351 79.000000 134.000000 -3.000000
351 104.000000 133.000000 -3.000000
351 107.000000 109.000000 -3.000000
352 83.000000 111.000000 -3.000000
352 79.000000 134.000000 -3.000000
352 104.000000 133.000000 -3.000000
352 107.000000 109.000000 -3.000000
353 83.000000 111.000000 -3.000000
353 79.000000 134.000000 -3.000000
353 104.000000 133.000000 -3.000000
353 107.000000 109.000000 -3.000000
354 83.000000 111.000000 -3.000000
354 79.000000 134.000000 -3.000000
354 104.000000 133.000000 -3.000000
354 107.000000 109.000000 -3.000000
355 83.000000 111.000000 -3.000000
355 79.000000 134.000000 -3.000000
355 104.000000 133.000000 -3.000000
355 107.000000 109.000000 -3.000000
356 83.000000 111.000000 -2.000000
356 79.000000 134.000000 -2.000000
356 104.000000 134.000000 -2.000000
356 107.000000 109.000000 -2.000000
357 83.000000 111.000000 -2.000000
357 79.000000 134.000000 -2.000000
357 104.000000 134.000000 -2.000000
357 107.000000 109.000000 -2.000000
358 83.000000 111.000000 -2.000000
358 79.000000 134.000000 -2.000000
358 104.000000 134.000000 -2.000000
358 107.000000 109.000000 -2.000000
359 83.000000 111.000000 -3.000000
359 79.000000 134.000000 -3.000000
359 104.000000 133.000000 -3.000000
359 107.000000 109.000000 -3.000000
360 83.000000 111.000000 -3.000000
360 79.000000 134.000000 -3.000000
360 104.000000 133.000000 -3.000000
360 107.000000 109.000000 -3.000000
361 83.000000 111.000000 -2.000000
361 79.000000 134.000000 -2.000000
361 104.000000 134.000000 -2.000000
361 107.000000 109.000000 -2.000000
362 83.000000 111.000000 -3.000000
362 79.000000 134.000000 -3.000000
362 104.000000 133.000000 -3.000000
362 107.000000 109.000000 -3.000000
363 83.000000 111.000000 -2.000000
363 79.000000 134.000000 -2.000000
363 104.000000 134.000000 -2.000000
363 107.000000 109.000000 -2.000000
364 83.000000 111.000000 -3.000000
364 79.000000 134.000000 -3.000000
364 104.000000 133.000000 -3.000000
364 107.000000 109.000000 -3.000000
365 83.000000 111.000000 -3.000000
365 79.000000 134.000000 -3.000000
365 104.000000 133.000000 -3.000000
365 107.000000 109.000000 -3.000000
366 83.000000 111.000000 -3.000000
366 79.000000 134.000000 -3.000000
366 104.000000 133.000000 -3.000000
366 107.000000 109.000000 -3.000000
367 83.000000 111.000000 -2.000000
367 79.000000 134.000000 -2.000000
367 104.000000 134.000000 -2.000000
367 107.000000 109.000000 -2.000000
368 83.000000 111.000000 -3.000000
368 79.000000 134.000000 -3.000000
368 104.000000 133.000000 -3.000000
368 107.000000 109.000000 -3.000000
369 83.000000 111.000000 -2.000000
369 79.000000 134.000000 -2.000000
369 104.000000 134.000000 -2.000000
369 107.000000 109.000000 -2.000000
370 83.000000 111.000000 -3.000000
370 79.000000 134.000000 -3.000000
370 104.000000 133.000000 -3.000000
370 107.000000 109.000000 -3.000000
371 83.000000 111.000000 -3.000000
371 79.000000 134.000000 -3.000000
371 104.000000 133.000000 -3.000000
371 107.000000 109.000000 -3.000000
372 83.000000 111.000000 -3.000000
372 79.000000 134.000000 -3.000000
372 104.000000 133.000000 -3.000000
372 107.000000 109.000000 -3.000000
373 83.000000 111.000000 -3.000000
373 79.000000 134.000000 -3.000000
373 104.000000 133.000000 -3.000000
373 107.000000 109.000000 -3.000000
374 83.000000 111.000000 -3.000000
374 79.000000 134.000000 -3.000000
374 104.000000 133.000000 -3.000000
374 107.000000 109.000000 -3.000000
375 83.000000 111.000000 -3.000000
375 79.000000 134.000000 -3.000000
375 104.000000 133.000000 -3.000000
375 107.000000 109.000000 -3.000000
376 83.000000 111.000000 -3.000000
376 79.000000 134.000000 -3.000000
376 104.000000 133.000000 -3.000000
376 107.000000 109.000000 -3.000000
377 83.000000 111.000000 -3.000000
377 79.000000 134.000000 -3.000000
377 104.000000 133.000000 -3.000000
377 107.000000 109.000000 -3.000000
378 83.000000 111.000000 -2.000000
378 79.000000 134.000000 -2.000000
378 104.000000 134.000000 -2.000000
378 107.000000 109.000000 -2.000000
379 83.000000 111.000000 -2.000000
379 79.000000 134.000000 -2.000000
379 104.000000 134.000000 -2.000000
379 107.000000 109.000000 -2.000000
380 83.000000 111.000000 -2.000000
380 79.000000 134.000000 -2.000000
380 104.000000 134.000000 -2.000000
380 107.000000 109.000000 -2.000000
381 83.000000 111.000000 -3.000000
381 79.000000 134.000000 -3.000000
381 104.000000 133.000000 -3.000000
381 107.000000 109.000000 -3.000000
382 83.000000 111.000000 -3.000000
382 79.000000 134.000000 -3.000000
382 104.000000 133.000000 -3.000000
382 107.000000 109.000000 -3.000000
383 83.000000 111.000000 -3.000000
383 79.000000 134.000000 -3.000000
383 104.000000 133.000000 -3.000000
383 107.000000 109.000000 -3.000000
384 83.000000 111.000000 -3.000000
384 79.000000 134.000000 -3.000000
384 104.000000 133.000000 -3.000000
384 107.000000 109.000000 -3.000000
385 83.000000 111.000000 -3.000000
385 79.000000 134.000000 -3.000000
385 104.000000 133.000000 -3.000000
385 107.000000 109.000000 -3.000000
386 83.000000 111.000000 -3.000000
386 79.000000 134.000000 -3.000000
386 104.000000 133.000000 -3.000000
386 107.000000 109.000000 -3.000000
387 83.000000 111.000000 -2.000000
387 79.000000 134.000000 -2.000000
387 104.000000 133.000000 -2.000000
387 107.000000 110.000000 -2.000000
388 83.000000 111.000000 -3.000000
388 79.000000 134.000000 -3.000000
388 104.000000 133.000000 -3.000000
388 107.000000 109.000000 -3.000000
389 83.000000 111.000000 -2.000000
389 79.000000 134.000000 -2.000000
389 104.000000 134.000000 -2.000000
389 107.000000 109.000000 -2.000000
390 83.000000 111.000000 -3.000000
390 79.000000 134.000000 -3.000000
390 104.000000 133.000000 -3.000000
390 107.000000 109.000000 -3.000000
391 83.000000 111.000000 -2.000000
391 79.000000 134.000000 -2.000000
391 104.000000 134.000000 -2.000000
391 107.000000 109.000000 -2.000000
392 83.000000 111.000000 -3.000000
392 79.000000 134.000000 -3.000000
392 104.000000 133.000000 -3.000000
392 107.000000 109.000000 -3.000000
393 83.000000 111.000000 -3.000000
393 79.000000 134.000000 -3.000000
393 104.000000 133.000000 -3.000000
393 107.000000 109.000000 -3.000000
394 83.000000 111.000000 -3.000000
394 79.000000 134.000000 -3.000000
394 104.000000 133.000000 -3.000000
394 107.000000 109.000000 -3.000000
395 83.000000 111.000000 -3.000000
395 79.000000 134.000000 -3.000000
395 104.000000 133.000000 -3.000000
395 107.000000 109.000000 -3.000000
396 83.000000 111.000000 -3.000000
396 79.000000 134.000000 -3.000000
396 104.000000 133.000000 -3.000000
396 107.000000 109.000000 -3.000000
397 83.000000 111.000000 -3.000000
397 79.000000 134.000000 -3.000000
397 104.000000 133.000000 -3.000000
397 107.000000 109.000000 -3.000000
398 83.000000 111.000000 -3.000000
398 79.000000 134.000000 -3.000000
398 104.000000 133.000000 -3.000000
398 107.000000 109.000000 -3.000000
399 83.000000 111.000000 -3.000000
399 79.000000 134.000000 -3.000000
399 104.000000 133.000000 -3.000000
399 107.000000 109.000000 -3.000000
400 83.000000 111.000000 -3.000000
400 79.000000 134.000000 -3.000000
400 104.000000 133.000000 -3.000000
400 107.000000 109.000000 -3.000000
401 83.000000 111.000000 -3.000000
401 79.000000 134.000000 -3.000000
401 104.000000 133.000000 -3.000000
401 107.000000 109.000000 -3.000000
402 83.000000 111.000000 -3.000000
402 79.000000 134.000000 -3.000000
402 104.000000 133.000000 -3.000000
402 107.000000 109.000000 -3.000000
403 83.000000 111.000000 -2.000000
403 79.000000 134.000000 -2.000000
403 104.000000 134.000000 -2.000000
403 107.000000 109.000000 -2.000000
404 83.000000 111.000000 -2.000000
404 79.000000 134.000000 -2.000000
404 104.000000 134.000000 -2.000000
404 107.000000 109.000000 -2.000000
405 83.000000 111.000000 -2.000000
405 79.000000 134.000000 -2.000000
405 104.000000 134.000000 -2.000000
405 107.000000 109.000000 -2.000000
406 83.000000 111.000000 -3.000000
406 79.000000 134.000000 -3.000000
406 104.000000 133.000000 -3.000000
406 107.000000 109.000000 -3.000000
407 83.000000 111.000000 -3.000000
407 79.000000 134.000000 -3.000000
407 104.000000 133.000000 -3.000000
407 107.000000 109.000000 -3.000000
408 83.000000 111.000000 -3.000000
408 79.000000 134.000000 -3.000000
408 104.000000 133.000000 -3.000000
408 107.000000 109.000000 -3.000000
409 83.000000 111.000000 -3.000000
409 79.000000 134.000000 -3.000000
409 104.000000 133.000000 -3.000000
409 107.000000 109.000000 -3.000000
410 83.000000 111.000000 -2.000000
410 79.000000 134.000000 -2.000000
410 104.000000 134.000000 -2.000000
410 107.000000 109.000000 -2.000000
411 83.000000 111.000000 -3.000000
411 79.000000 134.000000 -3.000000
411 104.000000 133.000000 -3.000000
411 107.000000 109.000000 -3.000000
412 83.000000 111.000000 -2.000000
412 79.000000 134.000000 -2.000000
412 104.000000 134.000000 -2.000000
412 107.000000 109.000000 -2.000000
413 83.000000 111.000000 -3.000000
413 79.000000 134.000000 -3.000000
413 104.000000 133.000000 -3.000000
413 107.000000 109.000000 -3.000000
414 83.000000 111.000000 -3.000000
414 79.000000 134.000000 -3.000000
414 104.000000 133.000000 -3.000000
414 107.000000 109.000000 -3.000000
415 83.000000 111.000000 -3.000000
415 79.000000 134.000000 -3.000000
415 104.000000 133.000000 -3.000000
415 107.000000 109.000000 -3.000000
416 83.000000 111.000000 -3.000000
416 79.000000 134.000000 -3.000000
416 104.000000 133.000000 -3.000000
416 107.000000 109.000000 -3.000000
417 83.000000 111.000000 -3.000000
417 79.000000 134.000000 -3.000000
417 104.000000 133.000000 -3.000000
417 107.000000 109.000000 -3.000000
418 83.000000 111.000000 -3.000000
418 79.000000 134.000000 -3.000000
418 104.000000 133.000000 -3.000000
418 107.000000 109.000000 -3.000000
419 83.000000 111.000000 -3.000000
419 79.000000 134.000000 -3.000000
419 104.000000 133.000000 -3.000000
419 107.000000 109.000000 -3.000000
420 83.000000 111.000000 -3.000000
420 79.000000 134.000000 -3.000000
420 104.000000 133.000000 -3.000000
420 107.000000 109.000000 -3.000000
421 83.000000 111.000000 -3.000000
421 79.000000 134.000000 -3.000000
421 104.000000 133.000000 -3.000000
421 107.000000 109.000000 -3.000000
422 83.000000 111.000000 -2.000000
422 79.000000 134.000000 -2.000000
422 104.000000 134.000000 -2.000000
422 107.000000 109.000000 -2.000000
423 83.000000 111.000000 -2.000000
423 79.000000 134.000000 -2.000000
423 104.000000 134.000000 -2.000000
423 107.000000 109.000000 -2.000000
424 83.000000 111.000000 -3.000000
424 79.000000 134.000000 -3.000000
424 104.000000 133.000000 -3.000000
424 107.000000 109.000000 -3.000000
425 83.000000 111.000000 -2.000000
425 79.000000 134.000000 -2.000000
425 104.000000 134.000000 -2.000000
425 107.000000 109.000000 -2.000000
426 83.000000 111.000000 -3.000000
426 79.000000 134.000000 -3.000000
426 104.000000 133.000000 -3.000000
426 107.000000 109.000000 -3.000000
427 83.000000 111.000000 -2.000000
427 79.000000 134.000000 -2.000000
427 104.000000 134.000000 -2.000000
427 107.000000 109.000000 -2.000000
428 83.000000 111.000000 -2.000000
428 79.000000 134.000000 -2.000000
428 104.000000 134.000000 -2.000000
428 107.000000 109.000000 -2.000000
429 83.000000 111.000000 -3.000000
429 79.000000 134.000000 -3.000000
429 104.000000 133.000000 -3.000000
429 107.000000 109.000000 -3.000000
430 83.000000 111.000000 -3.000000
430 79.000000 134.000000 -3.000000
430 104.000000 133.000000 -3.000000
430 107.000000 109.000000 -3.000000
431 83.000000 111.000000 -3.000000
431 79.000000 134.000000 -3.000000
431 104.000000 133.000000 -3.000000
431 107.000000 109.000000 -3.000000
432 83.000000 111.000000 -3.000000
432 79.000000 134.000000 -3.000000
432 104.000000 133.000000 -3.000000
432 107.000000 109.000000 -3.000000
433 83.000000 111.000000 -3.000000
433 79.000000 134.000000 -3.000000
433 104.000000 133.000000 -3.000000
433 107.000000 109.000000 -3.000000
434 83.000000 111.000000 -3.000000
434 79.000000 134.000000 -3.000000
434 104.000000 133.000000 -3.000000
434 107.000000 109.000000 -3.000000
435 83.000000 111.000000 -3.000000
435 79.000000 134.000000 -3.000000
435 104.000000 133.000000 -3.000000
435 107.000000 109.000000 -3.000000
436 83.000000 111.000000 -3.000000
436 79.000000 134.000000 -3.000000
436 104.000000 133.000000 -3.000000
436 107.000000 109.000000 -3.000000
437 83.000000 111.000000 -3.000000
437 79.000000 134.000000 -3.000000
437 104.000000 133.000000 -3.000000
437 107.000000 109.000000 -3.000000
438 83.000000 111.000000 -3.000000
438 79.000000 134.000000 -3.000000
438 104.000000 133.000000 -3.000000
438 107.000000 109.000000 -3.000000
439 83.000000 111.000000 -3.000000
439 79.000000 134.000000 -3.000000
439 104.000000 133.000000 -3.000000
439 107.000000 109.000000 -3.000000
440 83.000000 111.000000 -3.000000
440 79.000000 134.000000 -3.000000
440 104.000000 133.000000 -3.000000
440 107.000000 109.000000 -3.000000
441 83.000000 111.000000 -3.000000
441 79.000000 134.000000 -3.000000
441 104.000000 133.000000 -3.000000
441 107.000000 109.000000 -3.000000
442 83.000000 111.000000 -1.000000
442 79.000000 134.000000 -1.000000
442 104.000000 134.000000 -1.000000
442 107.000000 110.000000 -1.000000
443 83.000000 111.000000 -2.000000
443 79.000000 134.000000 -2.000000
443 104.000000 134.000000 -2.000000
443 107.000000 109.000000 -2.000000
444 83.000000 111.000000 -3.000000
444 79.000000 134.000000 -3.000000
444 104.000000 133.000000 -3.000000
444 107.000000 109.000000 -3.000000
445 83.000000 111.000000 -3.000000
445 79.000000 134.000000 -3.000000
445 104.000000 133.000000 -3.000000
445 107.000000 109.000000 -3.000000
446 83.000000 111.000000 -2.000000
446 79.000000 134.000000 -2.000000
446 104.000000 134.000000 -2.000000
446 107.000000 109.000000 -2.000000
447 83.000000 111.000000 -3.000000
447 79.000000 134.000000 -3.000000
447 104.000000 133.000000 -3.000000
447 107.000000 109.000000 -3.000000
448 83.000000 111.000000 -3.000000
448 79.000000 134.000000 -3.000000
448 104.000000 133.000000 -3.000000
448 107.000000 109.000000 -3.000000
449 83.000000 111.000000 -2.000000
449 79.000000 134.000000 -2.000000
449 104.000000 134.000000 -2.000000
449 107.000000 109.000000 -2.000000
450 83.000000 111.000000 -3.000000
450 79.000000 134.000000 -3.000000
450 104.000000 133.000000 -3.000000
450 107.000000 109.000000 -3.000000
451 83.000000 111.000000 -3.000000
451 79.000000 134.000000 -3.000000
451 104.000000 133.000000 -3.000000
451 107.000000 109.000000 -3.000000
452 83.000000 111.000000 -2.000000
452 79.000000 134.000000 -2.000000
452 104.000000 134.000000 -2.000000
452 107.000000 109.000000 -2.000000
453 83.000000 111.000000 -3.000000
453 79.000000 134.000000 -3.000000
453 104.000000 133.000000 -3.000000
453 107.000000 109.000000 -3.000000
454 83.000000 111.000000 -3.000000
454 79.000000 134.000000 -3.000000
454 104.000000 133.000000 -3.000000
454 107.000000 109.000000 -3.000000
455 83.000000 111.000000 -3.000000
455 79.000000 134.000000 -3.000000
455 104.000000 133.000000 -3.000000
455 107.000000 109.000000 -3.000000
456 83.000000 111.000000 -3.000000
456 79.000000 134.000000 -3.000000
456 104.000000 133.000000 -3.000000
456 107.000000 109.000000 -3.000000
457 83.000000 111.000000 -3.000000
457 79.000000 134.000000 -3.000000
457 104.000000 133.000000 -3.000000
457 107.000000 109.000000 -3.000000
458 83.000000 111.000000 -3.000000
458 79.000000 134.000000 -3.000000
458 104.000000 133.000000 -3.000000
458 107.000000 109.000000 -3.000000
459 83.000000 111.000000 -2.000000
459 79.000000 134.000000 -2.000000
459 104.000000 134.000000 -2.000000
459 107.000000 109.000000 -2.000000
460 83.000000 111.000000 -3.000000
460 79.000000 134.000000 -3.000000
460 104.000000 133.000000 -3.000000
460 107.000000 109.000000 -3.000000
461 83.000000 111.000000 -3.000000
461 79.000000 134.000000 -3.000000
461 104.000000 133.000000 -3.000000
461 107.000000 109.000000 -3.000000
462 83.000000 111.000000 -3.000000
462 79.000000 134.000000 -3.000000
462 104.000000 133.000000 -3.000000
462 107.000000 109.000000 -3.000000
463 83.000000 111.000000 -3.000000
463 79.000000 134.000000 -3.000000
463 104.000000 133.000000 -3.000000
463 107.000000 109.000000 -3.000000
464 83.000000 111.000000 -3.000000
464 79.000000 134.000000 -3.000000
464 104.000000 133.000000 -3.000000
464 107.000000 109.000000 -3.000000
465 83.000000 111.000000 -3.000000
465 79.000000 134.000000 -3.000000
465 104.000000 133.000000 -3.000000
465 107.000000 109.000000 -3.000000
466 83.000000 111.000000 -3.000000
466 79.000000 134.000000 -3.000000
466 104.000000 133.000000 -3.000000
466 107.000000 109.000000 -3.000000
467 83.000000 111.000000 -3.000000
467 79.000000 134.000000 -3.000000
467 104.000000 133.000000 -3.000000
467 107.000000 109.000000 -3.000000
468 83.000000 111.000000 -3.000000
468 79.000000 134.000000 -3.000000
468 104.000000 133.000000 -3.000000
468 107.000000 109.000000 -3.000000
469 83.000000 111.000000 -3.000000
469 79.000000 134.000000 -3.000000
469 104.000000 133.000000 -3.000000
469 107.000000 109.000000 -3.000000
470 83.000000 111.000000 -2.000000
470 79.000000 134.000000 -2.000000
470 104.000000 134.000000 -2.000000
470 107.000000 109.000000 -2.000000
471 83.000000 111.000000 -3.000000
471 79.000000 134.000000 -3.000000
471 104.000000 133.000000 -3.000000
471 107.000000 109.000000 -3.000000
472 83.000000 111.000000 -3.000000
472 79.000000 134.000000 -3.000000
472 104.000000 133.000000 -3.000000
472 107.000000 109.000000 -3.000000
473 83.000000 111.000000 -3.000000
473 79.000000 134.000000 -3.000000
473 104.000000 133.000000 -3.000000
473 107.000000 109.000000 -3.000000
474 83.000000 111.000000 -3.000000
474 79.000000 134.000000 -3.000000
474 104.000000 133.000000 -3.000000
474 107.000000 109.000000 -3.000000
475 83.000000 111.000000 -3.000000
475 79.000000 134.000000 -3.000000
475 104.000000 133.000000 -3.000000
475 107.000000 109.000000 -3.000000
476 83.000000 111.000000 -3.000000
476 79.000000 134.000000 -3.000000
476 104.000000 133.000000 -3.000000
476 107.000000 109.000000 -3.000000
477 83.000000 111.000000 -3.000000
477 79.000000 134.000000 -3.000000
477 104.000000 133.000000 -3.000000
477 107.000000 109.000000 -3.000000
478 83.000000 111.000000 -2.000000
478 79.000000 134.000000 -2.000000
478 104.000000 134.000000 -2.000000
478 107.000000 109.000000 -2.000000
479 83.000000 111.000000 -2.000000
479 79.000000 134.000000 -2.000000
479 104.000000 134.000000 -2.000000
479 107.000000 109.000000 -2.000000
480 83.000000 111.000000 -3.000000
480 79.000000 134.000000 -3.000000
480 104.000000 133.000000 -3.000000
480 107.000000 109.000000 -3.000000
481 83.000000 111.000000 -3.000000
481 79.000000 134.000000 -3.000000
481 104.000000 133.000000 -3.000000
481 107.000000 109.000000 -3.000000
482 83.000000 111.000000 -2.000000
482 79.000000 134.000000 -2.000000
482 104.000000 134.000000 -2.000000
482 107.000000 109.000000 -2.000000
483 83.000000 111.000000 -3.000000
483 79.000000 134.000000 -3.000000
483 104.000000 133.000000 -3.000000
483 107.000000 109.000000 -3.000000
484 83.000000 111.000000 -3.000000
484 79.000000 134.000000 -3.000000
484 104.000000 133.000000 -3.000000
484 107.000000 109.000000 -3.000000
485 83.000000 111.000000 -3.000000
485 79.000000 134.000000 -3.000000
485 104.000000 133.000000 -3.000000
485 107.000000 109.000000 -3.000000
486 83.000000 111.000000 -2.000000
486 79.000000 134.000000 -2.000000
486 104.000000 134.000000 -2.000000
486 107.000000 109.000000 -2.000000
487 83.000000 111.000000 -3.000000
487 79.000000 134.000000 -3.000000
487 104.000000 133.000000 -3.000000
487 107.000000 109.000000 -3.000000
488 83.000000 111.000000 -2.000000
488 79.000000 134.000000 -2.000000
488 104.000000 134.000000 -2.000000
488 107.000000 109.000000 -2.000000
489 83.000000 111.000000 -2.000000
489 79.000000 134.000000 -2.000000
489 104.000000 134.000000 -2.000000
489 107.000000 109.000000 -2.000000
490 83.000000 111.000000 -3.000000
490 79.000000 134.000000 -3.000000
490 104.000000 133.000000 -3.000000
490 107.000000 109.000000 -3.000000
491 83.000000 111.000000 -2.000000
491 79.000000 134.000000 -2.000000
491 104.000000 134.000000 -2.000000
491 107.000000 109.000000 -2.000000
492 83.000000 111.000000 -3.000000
492 79.000000 134.000000 -3.000000
492 104.000000 133.000000 -3.000000
492 107.000000 109.000000 -3.000000
493 83.000000 111.000000 -2.000000
493 79.000000 134.000000 -2.000000
493 104.000000 134.000000 -2.000000
493 107.000000 109.000000 -2.000000
494 83.000000 111.000000 -3.000000
494 79.000000 134.000000 -3.000000
494 104.000000 133.000000 -3.000000
494 107.000000 109.000000 -3.000000
495 83.000000 111.000000 -3.000000
495 79.000000 134.000000 -3.000000
495 104.000000 133.000000 -3.000000
495 107.000000 109.000000 -3.000000
496 83.000000 111.000000 -2.000000
496 79.000000 134.000000 -2.000000
496 104.000000 134.000000 -2.000000
496 107.000000 109.000000 -2.000000
497 83.000000 111.000000 -2.000000
497 79.000000 134.000000 -2.000000
497 104.000000 134.000000 -2.000000
497 107.000000 109.000000 -2.000000
498 83.000000 111.000000 -3.000000
498 79.000000 134.000000 -3.000000
498 104.000000 133.000000 -3.000000
498 107.000000 109.000000 -3.000000
499 83.000000 111.000000 -2.000000
499 79.000000 134.000000 -2.000000
499 104.000000 134.000000 -2.000000
499 107.000000 109.000000 -2.000000
500 83.000000 111.000000 -3.000000
500 79.000000 134.000000 -3.000000
500 104.000000 133.000000 -3.000000
500 107.000000 109.000000 -3.000000
501 83.000000 111.000000 -3.000000
501 79.000000 134.000000 -3.000000
501 104.000000 133.000000 -3.000000
501 107.000000 109.000000 -3.000000
502 83.000000 111.000000 -2.000000
502 79.000000 134.000000 -2.000000
502 104.000000 134.000000 -2.000000
502 107.000000 109.000000 -2.000000
503 83.000000 111.000000 -3.000000
503 79.000000 134.000000 -3.000000
503 104.000000 133.000000 -3.000000
503 107.000000 109.000000 -3.000000
504 83.000000 111.000000 -3.000000
504 79.000000 134.000000 -3.000000
504 104.000000 133.000000 -3.000000
504 107.000000 109.000000 -3.000000
505 83.000000 111.000000 -2.000000
505 79.000000 134.000000 -2.000000
505 104.000000 134.000000 -2.000000
505 107.000000 109.000000 -2.000000
506 83.000000 111.000000 -3.000000
506 79.000000 134.000000 -3.000000
506 104.000000 133.000000 -3.000000
506 107.000000 109.000000 -3.000000
507 83.000000 111.000000 -2.000000
507 79.000000 134.000000 -2.000000
507 104.000000 133.000000 -2.000000
507 107.000000 110.000000 -2.000000
508 83.000000 111.000000 -2.000000
508 79.000000 134.000000 -2.000000
508 104.000000 134.000000 -2.000000
508 107.000000 109.000000 -2.000000
509 83.000000 111.000000 -2.000000
509 79.000000 134.000000 -2.000000
509 104.000000 134.000000 -2.000000
509 107.000000 109.000000 -2.000000
510 83.000000 111.000000 -3.000000
510 79.000000 134.000000 -3.000000
510 104.000000 133.000000 -3.000000
510 107.000000 109.000000 -3.000000
511 83.000000 111.000000 -3.000000
511 79.000000 134.000000 -3.000000
511 104.000000 133.000000 -3.000000
511 107.000000 109.000000 -3.000000
512 83.000000 111.000000 -3.000000
512 79.000000 134.000000 -3.000000
512 104.000000 133.000000 -3.000000
512 107.000000 109.000000 -3.000000
513 83.000000 111.000000 -3.000000
513 79.000000 134.000000 -3.000000
513 104.000000 133.000000 -3.000000
513 107.000000 109.000000 -3.000000
514 83.000000 111.000000 -3.000000
514 79.000000 134.000000 -3.000000
514 104.000000 133.000000 -3.000000
514 107.000000 109.000000 -3.000000
515 83.000000 111.000000 -3.000000
515 79.000000 134.000000 -3.000000
515 104.000000 133.000000 -3.000000
515 107.000000 109.000000 -3.000000
516 83.000000 111.000000 -3.000000
516 79.000000 134.000000 -3.000000
516 104.000000 133.000000 -3.000000
516 107.000000 109.000000 -3.000000
517 83.000000 111.000000 -2.000000
517 79.000000 134.000000 -2.000000
517 104.000000 134.000000 -2.000000
517 107.000000 109.000000 -2.000000
518 83.000000 111.000000 -3.000000
518 79.000000 134.000000 -3.000000
518 104.000000 133.000000 -3.000000
518 107.000000 109.000000 -3.000000
519 83.000000 111.000000 -3.000000
519 79.000000 134.000000 -3.000000
519 104.000000 133.000000 -3.000000
519 107.000000 109.000000 -3.000000
520 83.000000 111.000000 -2.000000
520 79.000000 134.000000 -2.000000
520 104.000000 134.000000 -2.000000
520 107.000000 109.000000 -2.000000
521 83.000000 111.000000 -3.000000
521 79.000000 134.000000 -3.000000
521 104.000000 133.000000 -3.000000
521 107.000000 109.000000 -3.000000
522 83.000000 111.000000 -3.000000
522 79.000000 134.000000 -3.000000
522 104.000000 133.000000 -3.000000
522 107.000000 109.000000 -3.000000
523 83.000000 111.000000 -3.000000
523 79.000000 134.000000 -3.000000
523 104.000000 133.000000 -3.000000
523 107.000000 109.000000 -3.000000
524 83.000000 111.000000 -2.000000
524 79.000000 134.000000 -2.000000
524 104.000000 134.000000 -2.000000
524 107.000000 109.000000 -2.000000
525 83.000000 111.000000 -3.000000
525 79.000000 134.000000 -3.000000
525 104.000000 133.000000 -3.000000
525 107.000000 109.000000 -3.000000
526 83.000000 111.000000 -3.000000
526 79.000000 134.000000 -3.000000
526 104.000000 133.000000 -3.000000
526 107.000000 109.000000 -3.000000
527 83.000000 111.000000 -2.000000
527 79.000000 134.000000 -2.000000
527 104.000000 134.000000 -2.000000
527 107.000000 109.000000 -2.000000
528 83.000000 111.000000 -3.000000
528 79.000000 134.000000 -3.000000
528 104.000000 133.000000 -3.000000
528 107.000000 109.000000 -3.000000
529 83.000000 111.000000 -2.000000
529 79.000000 134.000000 -2.000000
529 104.000000 134.000000 -2.000000
529 107.000000 109.000000 -2.000000
530 83.000000 111.000000 -3.000000
530 79.000000 134.000000 -3.000000
530 104.000000 133.000000 -3.000000
530 107.000000 109.000000 -3.000000
531 83.000000 111.000000 -3.000000
531 79.000000 134.000000 -3.000000
531 104.000000 133.000000 -3.000000
531 107.000000 109.000000 -3.000000
532 83.000000 111.000000 -3.000000
532 79.000000 134.000000 -3.000000
532 104.000000 133.000000 -3.000000
532 107.000000 109.000000 -3.000000
533 83.000000 111.000000 -2.000000
533 79.000000 134.000000 -2.000000
533 104.000000 134.000000 -2.000000
533 107.000000 109.000000 -2.000000
534 83.000000 111.000000 -3.000000
534 79.000000 134.000000 -3.000000
534 104.000000 133.000000 -3.000000
534 107.000000 109.000000 -3.000000
535 83.000000 111.000000 -2.000000
535 79.000000 134.000000 -2.000000
535 104.000000 134.000000 -2.000000
535 107.000000 109.000000 -2.000000
536 83.000000 111.000000 -3.000000
536 79.000000 134.000000 -3.000000
536 104.000000 133.000000 -3.000000
536 107.000000 109.000000 -3.000000
537 83.000000 111.000000 -3.000000
537 79.000000 134.000000 -3.000000
537 104.000000 133.000000 -3.000000
537 107.000000 109.000000 -3.000000
538 83.000000 111.000000 -3.000000
538 79.000000 134.000000 -3.000000
538 104.000000 133.000000 -3.000000
538 107.000000 109.000000 -3.000000
539 83.000000 111.000000 -3.000000
539 79.000000 134.000000 -3.000000
539 104.000000 133.000000 -3.000000
539 107.000000 109.000000 -3.000000
540 83.000000 111.000000 -3.000000
540 79.000000 134.000000 -3.000000
540 104.000000 133.000000 -3.000000
540 107.000000 109.000000 -3.000000
541 83.000000 111.000000 -3.000000
541 79.000000 134.000000 -3.000000
541 104.000000 133.000000 -3.000000
541 107.000000 109.000000 -3.000000
542 83.000000 111.000000 -3.000000
542 79.000000 134.000000 -3.000000
542 104.000000 133.000000 -3.000000
542 107.000000 109.000000 -3.000000
543 83.000000 111.000000 -2.000000
543 79.000000 134.000000 -2.000000
543 104.000000 134.000000 -2.000000
543 107.000000 109.000000 -2.000000
544 83.000000 111.000000 -2.000000
544 79.000000 134.000000 -2.000000
544 104.000000 133.000000 -2.000000
544 107.000000 110.000000 -2.000000
545 83.000000 111.000000 -3.000000
545 79.000000 134.000000 -3.000000
545 104.000000 133.000000 -3.000000
545 107.000000 109.000000 -3.000000
546 83.000000 111.000000 -2.000000
546 79.000000 134.000000 -2.000000
546 104.000000 134.000000 -2.000000
546 107.000000 109.000000 -2.000000
547 83.000000 111.000000 -2.000000
547 79.000000 134.000000 -2.000000
547 104.000000 134.000000 -2.000000
547 107.000000 109.000000 -2.000000
548 83.000000 111.000000 -3.000000
548 79.000000 134.000000 -3.000000
548 104.000000 133.000000 -3.000000
548 107.000000 109.000000 -3.000000
549 83.000000 111.000000 -3.000000
549 79.000000 134.000000 -3.000000
549 104.000000 133.000000 -3.000000
549 107.000000 109.000000 -3.000000
550 83.000000 111.000000 -2.000000
550 79.000000 134.000000 -2.000000
550 104.000000 134.000000 -2.000000
550 107.000000 109.000000 -2.000000
551 83.000000 111.000000 -3.000000
551 79.000000 134.000000 -3.000000
551 104.000000 133.000000 -3.000000
551 107.000000 109.000000 -3.000000
552 83.000000 111.000000 -2.000000
552 79.000000 134.000000 -2.000000
552 104.000000 134.000000 -2.000000
552 107.000000 109.000000 -2.000000
553 83.000000 111.000000 -3.000000
553 79.000000 134.000000 -3.000000
553 104.000000 133.000000 -3.000000
553 107.000000 109.000000 -3.000000
554 83.000000 111.000000 -3.000000
554 79.000000 134.000000 -3.000000
554 104.000000 133.000000 -3.000000
554 107.000000 109.000000 -3.000000
555 83.000000 111.000000 -2.000000
555 79.000000 134.000000 -2.000000
555 104.000000 134.000000 -2.000000
555 107.000000 109.000000 -2.000000
556 83.000000 111.000000 -3.000000
556 79.000000 134.000000 -3.000000
556 104.000000 133.000000 -3.000000
556 107.000000 109.000000 -3.000000
557 83.000000 111.000000 -3.000000
557 79.000000 134.000000 -3.000000
557 104.000000 133.000000 -3.000000
557 107.000000 109.000000 -3.000000
558 83.000000 111.000000 -2.000000
558 79.000000 134.000000 -2.000000
558 104.000000 134.000000 -2.000000
558 107.000000 109.000000 -2.000000
559 83.000000 111.000000 -3.000000
559 79.000000 134.000000 -3.000000
559 104.000000 133.000000 -3.000000
559 107.000000 109.000000 -3.000000
560 83.000000 111.000000 -2.000000
560 79.000000 134.000000 -2.000000
560 104.000000 134.000000 -2.000000
560 107.000000 109.000000 -2.000000
561 83.000000 111.000000 -3.000000
561 79.000000 134.000000 -3.000000
561 104.000000 133.000000 -3.000000
561 107.000000 109.000000 -3.000000
562 83.000000 111.000000 -3.000000
562 79.000000 134.000000 -3.000000
562 104.000000 133.000000 -3.000000
562 107.000000 109.000000 -3.000000
563 83.000000 111.000000 -3.000000
563 79.000000 134.000000 -3.000000
563 104.000000 133.000000 -3.000000
563 107.000000 109.000000 -3.000000
564 83.000000 111.000000 -3.000000
564 79.000000 134.000000 -3.000000
564 104.000000 133.000000 -3.000000
564 107.000000 109.000000 -3.000000
565 83.000000 111.000000 -3.000000
565 79.000000 134.000000 -3.000000
565 104.000000 133.000000 -3.000000
565 107.000000 109.000000 -3.000000
566 83.000000 111.000000 -2.000000
566 79.000000 134.000000 -2.000000
566 104.000000 134.000000 -2.000000
566 107.000000 109.000000 -2.000000
567 83.000000 111.000000 -2.000000
567 79.000000 134.000000 -2.000000
567 104.000000 134.000000 -2.000000
567 107.000000 109.000000 -2.000000
568 83.000000 111.000000 -3.000000
568 79.000000 134.000000 -3.000000
568 104.000000 133.000000 -3.000000
568 107.000000 109.000000 -3.000000
569 83.000000 111.000000 -3.000000
569 79.000000 134.000000 -3.000000
569 104.000000 133.000000 -3.000000
569 107.000000 109.000000 -3.000000
570 83.000000 111.000000 -3.000000
570 79.000000 134.000000 -3.000000
570 104.000000 133.000000 -3.000000
570 107.000000 109.000000 -3.000000
571 83.000000 111.000000 -3.000000
571 79.000000 134.000000 -3.000000
571 104.000000 133.000000 -3.000000
571 107.000000 109.000000 -3.000000
572 83.000000 111.000000 -2.000000
572 79.000000 134.000000 -2.000000
572 104.000000 134.000000 -2.000000
572 107.000000 109.000000 -2.000000
573 83.000000 111.000000 -2.000000
573 79.000000 134.000000 -2.000000
573 104.000000 134.000000 -2.000000
573 107.000000 109.000000 -2.000000
574 83.000000 111.000000 -3.000000
574 79.000000 134.000000 -3.000000
574 104.000000 133.000000 -3.000000
574 107.000000 109.000000 -3.000000
575 83.000000 111.000000 -2.000000
575 79.000000 134.000000 -2.000000
575 104.000000 134.000000 -2.000000
575 107.000000 109.000000 -2.000000
576 83.000000 111.000000 -2.000000
576 79.000000 134.000000 -2.000000
576 104.000000 134.000000 -2.000000
576 107.000000 109.000000 -2.000000
577 83.000000 111.000000 -3.000000
577 79.000000 134.000000 -3.000000
577 104.000000 133.000000 -3.000000
577 107.000000 109.000000 -3.000000
578 83.000000 111.000000 -3.000000
578 79.000000 134.000000 -3.000000
578 104.000000 133.000000 -3.000000
578 107.000000 109.000000 -3.000000
579 83.000000 111.000000 -2.000000
579 79.000000 134.000000 -2.000000
579 104.000000 133.000000 -2.000000
579 107.000000 110.000000 -2.000000
580 83.000000 111.000000 -3.000000
580 79.000000 134.000000 -3.000000
580 104.000000 133.000000 -3.000000
580 107.000000 109.000000 -3.000000
581 83.000000 111.000000 -3.000000
581 79.000000 134.000000 -3.000000
581 104.000000 133.000000 -3.000000
581 107.000000 109.000000 -3.000000
582 83.000000 111.000000 -3.000000
582 79.000000 134.000000 -3.000000
582 104.000000 133.000000 -3.000000
582 107.000000 109.000000 -3.000000
583 83.000000 111.000000 -3.000000
583 79.000000 134.000000 -3.000000
583 104.000000 133.000000 -3.000000
583 107.000000 109.000000 -3.000000
584 83.000000 111.000000 -3.000000
584 79.000000 134.000000 -3.000000
584 104.000000 133.000000 -3.000000
584 107.000000 109.000000 -3.000000
585 83.000000 111.000000 -2.000000
585 79.000000 134.000000 -2.000000
585 104.000000 134.000000 -2.000000
585 107.000000 109.000000 -2.000000
586 83.000000 111.000000 -3.000000
586 79.000000 134.000000 -3.000000
586 104.000000 133.000000 -3.000000
586 107.000000 109.000000 -3.000000
587 83.000000 111.000000 -2.000000
587 79.000000 134.000000 -2.000000
587 104.000000 134.000000 -2.000000
587 107.000000 109.000000 -2.000000
588 83.000000 111.000000 -2.000000
588 79.000000 134.000000 -2.000000
588 104.000000 134.000000 -2.000000
588 107.000000 109.000000 -2.000000
589 83.000000 111.000000 -3.000000
589 79.000000 134.000000 -3.000000
589 104.000000 133.000000 -3.000000
589 107.000000 109.000000 -3.000000
590 83.000000 111.000000 -3.000000
590 79.000000 134.000000 -3.000000
590 104.000000 133.000000 -3.000000
590 107.000000 109.000000 -3.000000
591 83.000000 111.000000 -2.000000
591 79.000000 134.000000 -2.000000
591 104.000000 134.000000 -2.000000
591 107.000000 109.000000 -2.000000
592 83.000000 111.000000 -3.000000
592 79.000000 134.000000 -3.000000
592 104.000000 133.000000 -3.000000
592 107.000000 109.000000 -3.000000
593 83.000000 111.000000 -2.000000
593 79.000000 134.000000 -2.000000
593 104.000000 134.000000 -2.000000
593 107.000000 109.000000 -2.000000
594 83.000000 111.000000 -3.000000
594 79.000000 134.000000 -3.000000
594 104.000000 133.000000 -3.000000
594 107.000000 109.000000 -3.000000
595 83.000000 111.000000 -1.000000
595 79.000000 134.000000 -1.000000
595 104.000000 134.000000 -1.000000
595 107.000000 110.000000 -1.000000
596 83.000000 111.000000 -3.000000
596 79.000000 134.000000 -3.000000
596 104.000000 133.000000 -3.000000
596 107.000000 109.000000 -3.000000
597 83.000000 111.000000 -3.000000
597 79.000000 134.000000 -3.000000
597 104.000000 133.000000 -3.000000
597 107.000000 109.000000 -3.000000
598 83.000000 111.000000 -3.000000
598 79.000000 134.000000 -3.000000
598 104.000000 133.000000 -3.000000
598 107.000000 109.000000 -3.000000
599 83.000000 111.000000 -3.000000
599 79.000000 134.000000 -3.000000
599 104.000000 133.000000 -3.000000
599 107.000000 109.000000 -3.000000
600 83.000000 111.000000 -3.000000
600 79.000000 134.000000 -3.000000
600 104.000000 133.000000 -3.000000
600 107.000000 109.000000 -3.000000
601 83.000000 111.000000 -3.000000
601 79.000000 134.000000 -3.000000
601 104.000000 133.000000 -3.000000
601 107.000000 109.000000 -3.000000
602 83.000000 111.000000 -3.000000
602 79.000000 134.000000 -3.000000
602 104.000000 133.000000 -3.000000
602 107.000000 109.000000 -3.000000
603 83.000000 111.000000 -3.000000
603 79.000000 134.000000 -3.000000
603 104.000000 133.000000 -3.000000
603 107.000000 109.000000 -3.000000
604 83.000000 111.000000 -3.000000
604 79.000000 134.000000 -3.000000
604 104.000000 133.000000 -3.000000
604 107.000000 109.000000 -3.000000
605 83.000000 111.000000 -3.000000
605 79.000000 134.000000 -3.000000
605 104.000000 133.000000 -3.000000
605 107.000000 109.000000 -3.000000
606 83.000000 111.000000 -2.000000
606 79.000000 134.000000 -2.000000
606 104.000000 134.000000 -2.000000
606 107.000000 109.000000 -2.000000
607 83.000000 111.000000 -3.000000
607 79.000000 134.000000 -3.000000
607 104.000000 133.000000 -3.000000
607 107.000000 109.000000 -3.000000
608 83.000000 111.000000 -3.000000
608 79.000000 134.000000 -3.000000
608 104.000000 133.000000 -3.000000
608 107.000000 109.000000 -3.000000
609 83.000000 111.000000 -3.000000
609 79.000000 134.000000 -3.000000
609 104.000000 133.000000 -3.000000
609 107.000000 109.000000 -3.000000
610 83.000000 111.000000 -2.000000
610 79.000000 134.000000 -2.000000
610 104.000000 134.000000 -2.000000
610 107.000000 109.000000 -2.000000
611 83.000000 111.000000 -2.000000
611 79.000000 134.000000 -2.000000
611 104.000000 134.000000 -2.000000
611 107.000000 109.000000 -2.000000
612 83.000000 111.000000 -3.000000
612 79.000000 134.000000 -3.000000
612 104.000000 133.000000 -3.000000
612 107.000000 109.000000 -3.000000
613 83.000000 111.000000 -3.000000
613 79.000000 134.000000 -3.000000
613 104.000000 133.000000 -3.000000
613 107.000000 109.000000 -3.000000
614 83.000000 111.000000 -3.000000
614 79.000000 134.000000 -3.000000
614 104.000000 133.000000 -3.000000
614 107.000000 109.000000 -3.000000
615 83.000000 111.000000 -2.000000
615 79.000000 134.000000 -2.000000
615 104.000000 134.000000 -2.000000
615 107.000000 109.000000 -2.000000
616 83.000000 111.000000 -3.000000
616 79.000000 134.000000 -3.000000
616 104.000000 133.000000 -3.000000
616 107.000000 109.000000 -3.000000
617 83.000000 111.000000 -3.000000
617 79.000000 134.000000 -3.000000
617 104.000000 133.000000 -3.000000
617 107.000000 109.000000 -3.000000
618 83.000000 111.000000 -3.000000
618 79.000000 134.000000 -3.000000
618 104.000000 133.000000 -3.000000
618 107.000000 109.000000 -3.000000
619 83.000000 111.000000 -3.000000
619 79.000000 134.000000 -3.000000
619 104.000000 133.000000 -3.000000
619 107.000000 109.000000 -3.000000
620 83.000000 111.000000 -3.000000
620 79.000000 134.000000 -3.000000
620 104.000000 133.000000 -3.000000
620 107.000000 109.000000 -3.000000
621 83.000000 111.000000 -3.000000
621 79.000000 134.000000 -3.000000
621 104.000000 133.000000 -3.000000
621 107.000000 109.000000 -3.000000
622 83.000000 111.000000 -3.000000
622 79.000000 134.000000 -3.000000
622 104.000000 133.000000 -3.000000
622 107.000000 109.000000 -3.000000
623 83.000000 111.000000 -3.000000
623 79.000000 134.000000 -3.000000
623 104.000000 133.000000 -3.000000
623 107.000000 109.000000 -3.000000
624 83.000000 111.000000 -3.000000
624 79.000000 134.000000 -3.000000
624 104.000000 133.000000 -3.000000
624 107.000000 109.000000 -3.000000
625 83.000000 111.000000 -3.000000
625 79.000000 134.000000 -3.000000
625 104.000000 133.000000 -3.000000
625 107.000000 109.000000 -3.000000
626 83.000000 111.000000 -3.000000
626 79.000000 134.000000 -3.000000
626 104.000000 133.000000 -3.000000
626 107.000000 109.000000 -3.000000
627 83.000000 111.000000 -3.000000
627 79.000000 134.000000 -3.000000
627 104.000000 133.000000 -3.000000
627 107.000000 109.000000 -3.000000
628 83.000000 111.000000 -3.000000
628 79.000000 134.000000 -3.000000
628 104.000000 133.000000 -3.000000
628 107.000000 109.000000 -3.000000
629 83.000000 111.000000 -3.000000
629 79.000000 134.000000 -3.000000
629 104.000000 133.000000 -3.000000
629 107.000000 109.000000 -3.000000
630 83.000000 111.000000 -3.000000
630 79.000000 134.000000 -3.000000
630 104.000000 133.000000 -3.000000
630 107.000000 109.000000 -3.000000
631 83.000000 111.000000 -3.000000
631 79.000000 134.000000 -3.000000
631 104.000000 133.000000 -3.000000
631 107.000000 109.000000 -3.000000
632 83.000000 111.000000 -3.000000
632 79.000000 134.000000 -3.000000
632 104.000000 133.000000 -3.000000
632 107.000000 109.000000 -3.000000
633 83.000000 111.000000 -2.000000
633 79.000000 134.000000 -2.000000
633 104.000000 134.000000 -2.000000
633 107.000000 109.000000 -2.000000
634 83.000000 111.000000 -3.000000
634 79.000000 134.000000 -3.000000
634 104.000000 133.000000 -3.000000
634 107.000000 109.000000 -3.000000
635 83.000000 111.000000 -3.000000
635 79.000000 134.000000 -3.000000
635 104.000000 133.000000 -3.000000
635 107.000000 109.000000 -3.000000
636 83.000000 111.000000 -3.000000
636 79.000000 134.000000 -3.000000
636 104.000000 133.000000 -3.000000
636 107.000000 109.000000 -3.000000
637 83.000000 111.000000 -2.000000
637 79.000000 134.000000 -2.000000
637 104.000000 134.000000 -2.000000
637 107.000000 109.000000 -2.000000
638 83.000000 111.000000 -3.000000
638 79.000000 134.000000 -3.000000
638 104.000000 133.000000 -3.000000
638 107.000000 109.000000 -3.000000
639 83.000000 111.000000 -3.000000
639 79.000000 134.000000 -3.000000
639 104.000000 133.000000 -3.000000
639 107.000000 109.000000 -3.000000
640 83.000000 111.000000 -3.000000
640 79.000000 134.000000 -3.000000
640 104.000000 133.000000 -3.000000
640 107.000000 109.000000 -3.000000
641 83.000000 111.000000 -2.000000
641 79.000000 134.000000 -2.000000
641 104.000000 134.000000 -2.000000
641 107.000000 109.000000 -2.000000
642 83.000000 111.000000 -3.000000
642 79.000000 134.000000 -3.000000
642 104.000000 133.000000 -3.000000
642 107.000000 109.000000 -3.000000
643 83.000000 111.000000 -3.000000
643 79.000000 134.000000 -3.000000
643 104.000000 133.000000 -3.000000
643 107.000000 109.000000 -3.000000
644 83.000000 111.000000 -3.000000
644 79.000000 134.000000 -3.000000
644 104.000000 133.000000 -3.000000
644 107.000000 109.000000 -3.000000
645 83.000000 111.000000 -3.000000
645 79.000000 134.000000 -3.000000
645 104.000000 133.000000 -3.000000
645 107.000000 109.000000 -3.000000
646 83.000000 111.000000 -3.000000
646 79.000000 134.000000 -3.000000
646 104.000000 133.000000 -3.000000
646 107.000000 109.000000 -3.000000
647 83.000000 111.000000 -2.000000
647 79.000000 134.000000 -2.000000
647 104.000000 134.000000 -2.000000
647 107.000000 109.000000 -2.000000
648 83.000000 111.000000 -3.000000
648 79.000000 134.000000 -3.000000
648 104.000000 133.000000 -3.000000
648 107.000000 109.000000 -3.000000
649 83.000000 111.000000 -3.000000
649 79.000000 134.000000 -3.000000
649 104.000000 133.000000 -3.000000
649 107.000000 109.000000 -3.000000
650 83.000000 111.000000 -3.000000
650 79.000000 134.000000 -3.000000
650 104.000000 133.000000 -3.000000
650 107.000000 109.000000 -3.000000
651 83.000000 111.000000 -3.000000
651 79.000000 134.000000 -3.000000
651 104.000000 133.000000 -3.000000
651 107.000000 109.000000 -3.000000
652 83.000000 111.000000 -3.000000
652 79.000000 134.000000 -3.000000
652 104.000000 133.000000 -3.000000
652 107.000000 109.000000 -3.000000
653 83.000000 111.000000 -3.000000
653 79.000000 134.000000 -3.000000
653 104.000000 133.000000 -3.000000
653 107.000000 109.000000 -3.000000
654 83.000000 111.000000 -2.000000
654 79.000000 134.000000 -2.000000
654 104.000000 133.000000 -2.000000
654 107.000000 110.000000 -2.000000
