0 77.500000 73.500000
0 0.000000 0.000000
0 97.500000 109.000000
0 92.500000 73.000000
1 77.500000 58.500000
1 77.500000 73.500000
1 92.500000 73.000000
1 92.500000 58.000000
2 77.500000 58.500000
2 77.500000 73.500000
2 92.500000 73.000000
2 92.500000 58.000000
3 77.500000 58.500000
3 77.500000 73.000000
3 92.500000 73.000000
3 92.500000 58.000000
4 77.500000 58.500000
4 77.500000 73.000000
4 92.500000 73.000000
4 92.500000 58.000000
5 77.500000 58.500000
5 77.500000 73.500000
5 92.500000 73.000000
5 92.500000 58.000000
6 77.500000 58.500000
6 77.500000 73.500000
6 92.500000 73.000000
6 92.500000 58.000000
7 77.500000 58.500000
7 77.500000 73.500000
7 92.500000 73.000000
7 92.500000 58.000000
8 77.500000 58.500000
8 77.500000 73.500000
8 92.500000 73.000000
8 92.500000 58.000000
9 77.500000 58.500000
9 77.500000 73.500000
9 92.500000 73.000000
9 92.500000 58.000000
10 77.500000 58.500000
10 77.500000 73.500000
10 92.500000 73.000000
10 92.500000 58.000000
11 77.500000 58.500000
11 77.500000 73.500000
11 92.500000 73.000000
11 92.500000 58.000000
12 77.500000 59.000000
12 77.500000 73.500000
12 92.500000 73.000000
12 92.500000 58.000000
13 77.500000 59.000000
13 77.500000 73.500000
13 92.500000 73.000000
13 92.500000 58.000000
14 77.500000 58.500000
14 77.500000 73.500000
14 92.500000 73.000000
14 92.500000 58.000000
15 77.500000 58.500000
15 77.500000 73.500000
15 92.500000 73.000000
15 92.500000 58.000000
16 77.500000 58.500000
16 77.500000 73.500000
16 92.500000 73.000000
16 92.500000 58.000000
17 77.500000 58.500000
17 77.500000 73.500000
17 92.500000 73.000000
17 92.500000 58.000000
18 77.500000 58.500000
18 77.500000 73.500000
18 92.500000 73.000000
18 92.500000 58.000000
19 77.500000 58.500000
19 77.500000 73.500000
19 92.500000 73.000000
19 92.500000 58.000000
20 77.500000 58.500000
20 77.500000 73.500000
20 92.500000 73.000000
20 92.500000 58.000000
21 77.500000 58.500000
21 77.500000 73.500000
21 92.500000 73.000000
21 92.500000 58.000000
22 77.500000 58.500000
22 77.500000 73.500000
22 92.500000 73.000000
22 92.500000 58.000000
23 77.500000 58.500000
23 77.500000 73.500000
23 92.500000 73.000000
23 92.500000 58.000000
24 77.500000 59.000000
24 77.500000 73.500000
24 92.500000 73.000000
24 92.500000 58.000000
25 77.500000 58.500000
25 77.500000 73.500000
25 92.500000 73.000000
25 92.500000 58.000000
26 77.500000 58.500000
26 77.500000 73.500000
26 92.500000 73.000000
26 92.500000 58.000000
27 77.500000 59.000000
27 77.500000 73.500000
27 92.500000 73.000000
27 92.500000 58.000000
28 77.500000 59.000000
28 77.500000 73.000000
28 92.500000 73.000000
28 92.500000 58.000000
29 77.500000 59.000000
29 77.500000 73.500000
29 92.500000 73.000000
29 92.500000 58.000000
30 77.500000 58.500000
30 77.500000 73.500000
30 92.500000 73.000000
30 92.500000 58.000000
31 77.500000 58.500000
31 77.500000 73.500000
31 92.500000 73.000000
31 92.500000 58.000000
32 77.500000 59.000000
32 77.500000 73.500000
32 92.500000 73.000000
32 92.500000 58.000000
33 77.500000 59.000000
33 77.500000 73.000000
33 92.500000 73.000000
33 92.500000 58.000000
34 77.500000 58.500000
34 77.500000 73.500000
34 92.500000 73.000000
34 92.500000 58.000000
35 77.500000 58.500000
35 77.500000 73.500000
35 92.500000 73.000000
35 92.500000 58.000000
36 77.500000 58.500000
36 77.500000 73.000000
36 92.500000 73.000000
36 92.500000 58.000000
37 77.500000 59.000000
37 77.500000 73.500000
37 92.500000 73.000000
37 92.500000 58.000000
38 77.500000 58.500000
38 77.500000 73.500000
38 92.500000 73.000000
38 92.500000 58.000000
39 77.500000 58.500000
39 77.500000 73.000000
39 92.500000 73.000000
39 92.500000 58.000000
40 77.500000 58.500000
40 77.500000 73.500000
40 92.500000 73.000000
40 92.500000 58.000000
41 77.500000 58.500000
41 77.500000 73.500000
41 92.500000 73.000000
41 92.500000 58.000000
42 77.500000 58.500000
42 77.500000 73.500000
42 92.500000 73.000000
42 92.500000 58.000000
43 77.500000 58.500000
43 77.500000 73.500000
43 92.500000 73.000000
43 92.500000 58.000000
44 77.500000 58.500000
44 77.500000 73.000000
44 92.500000 73.000000
44 92.500000 58.000000
45 77.500000 58.500000
45 77.500000 73.500000
45 92.500000 73.000000
45 92.500000 58.000000
46 77.500000 58.500000
46 77.500000 73.500000
46 92.500000 73.000000
46 92.500000 58.000000
47 77.500000 59.000000
47 77.500000 73.500000
47 92.500000 73.000000
47 92.500000 58.000000
48 77.500000 58.500000
48 77.500000 73.500000
48 92.500000 73.000000
48 92.500000 58.000000
49 77.500000 58.500000
49 77.500000 73.500000
49 92.500000 73.000000
49 92.500000 58.000000
50 77.500000 58.500000
50 77.500000 73.000000
50 92.500000 73.000000
50 92.500000 58.000000
51 77.500000 58.500000
51 77.500000 73.500000
51 92.500000 73.000000
51 92.000000 58.000000
52 77.500000 58.500000
52 77.500000 73.500000
52 92.500000 73.000000
52 92.500000 58.000000
53 77.500000 58.500000
53 77.500000 73.500000
53 92.500000 73.000000
53 92.500000 58.000000
54 77.500000 58.500000
54 77.500000 73.000000
54 92.500000 73.000000
54 92.500000 58.000000
55 77.500000 58.500000
55 77.500000 73.500000
55 92.500000 73.000000
55 92.500000 58.000000
56 77.500000 58.500000
56 77.500000 73.500000
56 92.500000 73.000000
56 92.500000 58.000000
57 77.500000 59.000000
57 77.500000 73.000000
57 92.500000 73.000000
57 92.500000 58.000000
58 77.500000 58.500000
58 77.500000 73.000000
58 92.500000 73.000000
58 92.500000 58.000000
59 77.500000 58.500000
59 77.500000 73.500000
59 92.500000 73.000000
59 92.500000 58.000000
60 77.500000 58.500000
60 77.500000 73.500000
60 92.500000 73.000000
60 92.500000 58.000000
61 77.500000 58.500000
61 77.500000 73.500000
61 92.500000 73.000000
61 92.500000 58.000000
62 77.500000 58.500000
62 77.500000 73.500000
62 92.500000 73.000000
62 92.500000 58.000000
63 77.500000 58.500000
63 77.500000 73.500000
63 92.500000 73.000000
63 92.500000 58.000000
64 77.500000 59.000000
64 77.500000 73.500000
64 92.500000 73.000000
64 92.500000 58.000000
65 77.500000 59.000000
65 77.500000 73.500000
65 92.500000 73.000000
65 92.500000 58.000000
66 77.500000 59.000000
66 77.500000 73.500000
66 92.500000 73.000000
66 92.500000 58.000000
67 77.500000 58.500000
67 77.500000 73.500000
67 92.500000 73.000000
67 92.500000 58.000000
68 77.500000 58.500000
68 77.500000 73.500000
68 92.500000 73.000000
68 92.500000 58.000000
69 77.500000 58.500000
69 77.500000 73.500000
69 92.500000 73.000000
69 92.500000 58.000000
70 77.500000 58.500000
70 77.500000 73.500000
70 92.500000 73.000000
70 92.500000 58.000000
71 77.500000 59.000000
71 77.500000 73.500000
71 92.500000 73.000000
71 92.500000 58.000000
72 77.500000 58.500000
72 77.500000 73.000000
72 92.500000 73.000000
72 92.500000 58.000000
73 77.500000 58.500000
73 77.500000 73.500000
73 92.500000 73.000000
73 92.500000 58.000000
74 77.500000 58.500000
74 77.500000 73.500000
74 92.500000 73.000000
74 92.500000 58.000000
75 77.500000 58.500000
75 77.500000 73.000000
75 92.500000 73.000000
75 92.500000 58.000000
76 77.500000 58.500000
76 77.500000 73.500000
76 92.500000 73.000000
76 92.500000 58.000000
77 77.500000 58.500000
77 77.500000 73.500000
77 92.500000 73.000000
77 92.500000 58.000000
78 77.500000 58.500000
78 77.500000 73.000000
78 92.500000 73.000000
78 92.500000 58.000000
79 77.500000 58.500000
79 77.500000 73.500000
79 92.500000 73.000000
79 92.500000 58.000000
80 77.500000 58.500000
80 77.500000 73.000000
80 92.500000 73.000000
80 92.500000 58.000000
81 77.500000 58.500000
81 77.500000 73.500000
81 92.500000 73.000000
81 92.500000 58.000000
82 77.500000 58.500000
82 77.500000 73.500000
82 92.500000 73.000000
82 92.500000 58.000000
83 77.500000 59.000000
83 77.500000 73.000000
83 92.500000 73.000000
83 92.500000 58.000000
84 77.500000 58.500000
84 77.500000 73.000000
84 92.500000 73.000000
84 92.500000 58.000000
85 77.500000 58.500000
85 77.500000 73.000000
85 92.500000 73.000000
85 92.500000 58.000000
86 77.500000 58.500000
86 77.500000 73.500000
86 92.500000 73.000000
86 92.500000 58.000000
87 77.500000 58.500000
87 77.500000 73.500000
87 92.500000 73.000000
87 92.500000 58.000000
88 77.500000 59.000000
88 77.500000 73.500000
88 92.500000 73.000000
88 92.500000 58.000000
89 77.500000 58.500000
89 77.500000 73.500000
89 92.500000 73.000000
89 92.500000 58.000000
90 77.500000 58.500000
90 77.500000 73.500000
90 92.500000 73.000000
90 92.500000 58.000000
91 77.500000 59.000000
91 77.500000 73.500000
91 92.500000 73.000000
91 92.500000 58.000000
92 77.500000 58.500000
92 77.500000 73.500000
92 92.500000 73.000000
92 92.500000 58.000000
93 77.500000 59.000000
93 77.500000 73.500000
93 92.500000 73.000000
93 92.000000 58.000000
94 77.500000 58.500000
94 77.500000 73.500000
94 92.500000 73.000000
94 92.500000 58.000000
95 77.500000 58.500000
95 77.500000 73.000000
95 92.500000 73.000000
95 92.500000 58.000000
96 77.500000 58.500000
96 77.500000 73.500000
96 92.500000 73.000000
96 92.500000 58.000000
97 77.500000 58.500000
97 77.500000 73.500000
97 92.500000 73.000000
97 92.500000 58.000000
98 77.500000 59.000000
98 77.500000 73.000000
98 92.500000 73.000000
98 92.500000 58.000000
99 77.500000 58.500000
99 77.500000 73.500000
99 92.500000 73.000000
99 92.500000 58.000000
100 77.500000 58.500000
100 77.500000 73.000000
100 92.500000 73.000000
100 92.500000 58.000000
101 77.500000 59.000000
101 77.500000 73.500000
101 92.500000 73.000000
101 92.500000 58.000000
102 77.500000 58.500000
102 77.500000 73.500000
102 92.500000 73.000000
102 92.000000 58.000000
103 77.500000 58.500000
103 77.500000 73.000000
103 92.500000 73.000000
103 92.500000 58.000000
104 77.500000 59.000000
104 77.500000 73.500000
104 92.500000 73.000000
104 92.500000 58.000000
105 77.500000 58.500000
105 77.500000 73.500000
105 92.500000 73.000000
105 92.500000 58.000000
106 77.500000 58.500000
106 77.500000 73.500000
106 92.500000 73.000000
106 92.500000 58.000000
107 77.500000 59.000000
107 77.500000 73.500000
107 92.500000 73.000000
107 92.500000 58.000000
108 77.500000 58.500000
108 77.500000 73.500000
108 92.500000 73.000000
108 92.000000 58.000000
109 77.500000 58.500000
109 77.500000 73.500000
109 92.500000 73.000000
109 92.500000 58.000000
110 77.500000 59.000000
110 77.500000 73.500000
110 92.500000 73.000000
110 92.500000 58.000000
111 77.500000 58.500000
111 77.500000 73.500000
111 92.500000 73.000000
111 92.500000 58.000000
112 77.500000 59.000000
112 77.500000 73.500000
112 92.500000 73.000000
112 92.500000 58.000000
113 77.500000 58.500000
113 77.500000 73.500000
113 92.500000 73.000000
113 92.500000 58.000000
114 77.500000 58.500000
114 77.500000 73.000000
114 92.500000 73.000000
114 92.500000 58.000000
115 77.500000 58.500000
115 77.500000 73.000000
115 92.500000 73.000000
115 92.500000 58.000000
116 77.500000 58.500000
116 77.500000 73.500000
116 92.500000 73.000000
116 92.500000 58.000000
117 77.500000 58.500000
117 77.500000 73.000000
117 92.500000 73.000000
117 92.500000 58.000000
118 77.500000 59.000000
118 77.500000 73.500000
118 92.500000 73.000000
118 92.500000 58.000000
119 77.500000 58.500000
119 77.500000 73.500000
119 92.500000 73.000000
119 92.500000 58.000000
120 77.500000 58.500000
120 77.500000 73.500000
120 92.500000 73.000000
120 92.500000 58.000000
121 77.500000 59.000000
121 77.500000 73.500000
121 92.500000 73.000000
121 92.500000 58.000000
122 77.500000 58.500000
122 77.500000 73.000000
122 92.500000 73.000000
122 92.500000 58.000000
123 77.500000 58.500000
123 77.500000 73.500000
123 92.500000 73.000000
123 92.500000 58.000000
124 77.500000 58.500000
124 77.500000 73.500000
124 92.500000 73.000000
124 92.500000 58.000000
125 77.500000 58.500000
125 77.500000 73.000000
125 92.500000 73.000000
125 92.500000 58.000000
126 77.500000 59.000000
126 77.500000 73.500000
126 92.500000 73.000000
126 92.500000 58.000000
127 77.500000 58.500000
127 77.500000 73.000000
127 92.500000 73.000000
127 92.000000 58.000000
128 77.500000 58.500000
128 77.500000 73.000000
128 92.500000 73.000000
128 92.500000 58.000000
129 77.500000 58.500000
129 77.500000 73.500000
129 92.500000 73.000000
129 92.500000 58.000000
130 77.500000 58.500000
130 77.500000 73.500000
130 92.500000 73.000000
130 92.500000 58.000000
131 77.500000 58.500000
131 77.500000 73.500000
131 92.500000 73.000000
131 92.500000 58.000000
132 77.500000 58.500000
132 77.500000 73.500000
132 92.500000 73.000000
132 92.500000 58.000000
133 77.500000 59.000000
133 77.500000 73.500000
133 92.500000 73.000000
133 92.500000 58.000000
134 77.500000 59.000000
134 77.500000 73.500000
134 92.500000 73.000000
134 92.500000 58.000000
135 77.500000 59.000000
135 77.500000 73.500000
135 92.500000 73.000000
135 92.500000 58.000000
136 77.500000 58.500000
136 77.500000 73.000000
136 92.500000 73.000000
136 92.500000 58.000000
137 77.500000 58.500000
137 77.500000 73.000000
137 92.500000 73.000000
137 92.500000 58.000000
138 77.500000 58.500000
138 77.500000 73.500000
138 92.500000 73.000000
138 92.500000 58.000000
139 77.500000 58.500000
139 77.500000 73.500000
139 92.500000 73.000000
139 92.500000 58.000000
140 77.500000 58.500000
140 77.500000 73.000000
140 92.500000 73.000000
140 92.500000 58.000000
141 77.500000 58.500000
141 77.500000 73.500000
141 92.500000 73.000000
141 92.500000 58.000000
142 77.500000 58.500000
142 77.500000 73.500000
142 92.500000 73.000000
142 92.500000 58.000000
143 77.500000 58.500000
143 77.500000 73.000000
143 92.500000 73.000000
143 92.500000 58.000000
144 77.500000 58.500000
144 77.500000 73.500000
144 92.500000 73.000000
144 92.500000 58.000000
145 77.500000 58.500000
145 77.500000 73.500000
145 92.500000 73.000000
145 92.500000 58.000000
146 77.500000 58.500000
146 77.500000 73.000000
146 92.500000 73.000000
146 92.500000 58.000000
147 77.500000 58.500000
147 77.500000 73.500000
147 92.500000 73.000000
147 92.500000 58.000000
