0 79.500000 91.500000
0 76.500000 176.000000
0 91.000000 177.000000
0 0.000000 0.000000
1 76.500000 161.000000
1 76.500000 176.000000
1 91.000000 177.000000
1 91.500000 161.000000
2 76.500000 161.000000
2 76.000000 176.000000
2 91.000000 177.000000
2 91.500000 161.000000
3 76.500000 161.000000
3 76.500000 176.000000
3 91.000000 177.000000
3 91.500000 161.000000
4 76.500000 161.000000
4 76.500000 176.000000
4 91.000000 177.000000
4 91.500000 161.000000
5 76.500000 161.000000
5 76.500000 176.000000
5 91.000000 177.000000
5 91.500000 161.000000
6 76.500000 161.000000
6 76.500000 176.000000
6 91.000000 177.000000
6 91.500000 161.000000
7 76.500000 161.000000
7 76.500000 176.000000
7 91.000000 177.000000
7 91.500000 161.000000
8 76.500000 161.000000
8 76.500000 176.000000
8 91.000000 177.000000
8 91.500000 161.000000
9 76.500000 161.000000
9 76.500000 176.000000
9 91.000000 177.000000
9 91.500000 161.000000
10 76.500000 161.000000
10 76.000000 176.000000
10 91.000000 177.000000
10 91.500000 161.000000
11 76.500000 161.000000
11 76.500000 176.000000
11 91.000000 177.000000
11 91.500000 161.000000
12 76.500000 161.000000
12 76.500000 176.000000
12 91.000000 177.000000
12 91.500000 161.000000
13 76.500000 161.000000
13 76.500000 176.000000
13 91.000000 177.000000
13 91.500000 161.000000
14 76.500000 161.000000
14 76.500000 176.000000
14 91.000000 177.000000
14 91.500000 161.000000
15 76.500000 161.000000
15 76.500000 176.000000
15 91.000000 177.000000
15 91.500000 161.000000
16 76.500000 161.000000
16 76.500000 176.000000
16 91.000000 177.000000
16 91.500000 161.000000
17 76.500000 161.000000
17 76.500000 176.000000
17 91.000000 177.000000
17 91.500000 161.000000
18 76.500000 161.000000
18 76.500000 176.000000
18 91.000000 177.000000
18 91.500000 161.000000
19 76.500000 161.000000
19 76.000000 176.000000
19 91.000000 177.000000
19 91.500000 161.000000
20 76.500000 161.000000
20 76.500000 176.000000
20 91.000000 177.000000
20 91.500000 161.000000
21 76.500000 161.000000
21 76.500000 176.000000
21 91.000000 177.000000
21 91.500000 161.000000
22 76.500000 161.000000
22 76.500000 176.000000
22 91.000000 177.000000
22 91.500000 161.000000
23 76.500000 161.000000
23 76.500000 176.000000
23 91.000000 177.000000
23 91.500000 161.000000
24 76.500000 161.000000
24 76.500000 176.000000
24 91.000000 177.000000
24 91.500000 161.000000
25 76.500000 161.000000
25 76.500000 176.000000
25 91.000000 177.000000
25 91.500000 161.000000
26 76.500000 161.000000
26 76.500000 176.000000
26 91.000000 177.000000
26 91.500000 161.000000
27 76.500000 161.000000
27 76.500000 176.000000
27 91.000000 176.500000
27 91.500000 161.000000
28 76.500000 161.000000
28 76.500000 176.000000
28 91.000000 177.000000
28 91.500000 161.000000
29 76.500000 161.000000
29 76.500000 176.000000
29 91.000000 177.000000
29 91.500000 161.000000
30 76.500000 161.000000
30 76.500000 176.000000
30 91.000000 177.000000
30 91.500000 161.000000
31 76.500000 161.000000
31 76.500000 176.000000
31 91.000000 176.500000
31 91.500000 161.000000
32 76.500000 161.000000
32 76.500000 176.000000
32 91.000000 177.000000
32 91.500000 161.000000
33 76.500000 161.000000
33 76.500000 176.000000
33 91.000000 177.000000
33 91.500000 161.000000
34 76.500000 161.000000
34 76.500000 176.000000
34 91.000000 177.000000
34 91.500000 161.000000
35 76.500000 161.000000
35 76.500000 176.000000
35 91.000000 177.000000
35 91.500000 161.000000
36 76.500000 161.000000
36 76.500000 176.000000
36 91.000000 177.000000
36 91.500000 161.000000
37 76.500000 161.000000
37 76.500000 176.000000
37 91.000000 177.000000
37 91.500000 161.000000
38 76.500000 161.000000
38 76.500000 176.000000
38 91.000000 177.000000
38 91.500000 161.000000
39 76.500000 161.000000
39 76.500000 176.000000
39 91.000000 177.000000
39 91.500000 161.000000
40 76.500000 161.000000
40 76.500000 176.000000
40 91.000000 177.000000
40 91.500000 161.000000
41 76.500000 161.000000
41 76.000000 176.000000
41 91.000000 177.000000
41 91.500000 161.000000
42 76.500000 161.000000
42 76.500000 176.000000
42 91.000000 177.000000
42 91.500000 161.000000
43 76.500000 161.000000
43 76.500000 176.000000
43 91.000000 177.000000
43 91.500000 161.000000
44 76.500000 161.000000
44 76.500000 176.000000
44 91.000000 177.000000
44 91.500000 161.000000
45 76.500000 160.500000
45 76.500000 176.000000
45 91.000000 177.000000
45 91.500000 161.000000
46 76.500000 161.000000
46 76.500000 176.000000
46 91.000000 177.000000
46 91.500000 161.000000
47 76.500000 161.000000
47 76.500000 176.000000
47 91.000000 177.000000
47 91.500000 161.000000
48 76.500000 161.000000
48 76.500000 176.000000
48 91.000000 177.000000
48 91.500000 161.000000
49 76.500000 161.000000
49 76.500000 176.000000
49 91.000000 177.000000
49 91.500000 161.000000
50 76.500000 160.500000
50 76.000000 176.000000
50 91.000000 177.000000
50 91.500000 161.000000
51 76.500000 161.000000
51 76.500000 176.000000
51 91.000000 177.000000
51 91.500000 161.000000
52 76.500000 161.000000
52 76.000000 176.000000
52 91.000000 177.000000
52 91.500000 161.000000
53 76.500000 161.000000
53 76.500000 176.000000
53 91.000000 177.000000
53 91.500000 161.000000
54 76.500000 160.500000
54 76.500000 176.000000
54 91.000000 177.000000
54 91.500000 161.000000
55 76.500000 161.000000
55 76.000000 176.000000
55 91.000000 177.000000
55 91.500000 161.000000
56 76.500000 161.000000
56 76.500000 176.000000
56 91.000000 177.000000
56 91.500000 161.000000
57 76.500000 161.000000
57 76.500000 176.000000
57 91.000000 177.000000
57 91.500000 161.000000
58 76.500000 161.000000
58 76.500000 176.000000
58 91.000000 177.000000
58 91.500000 161.000000
59 76.500000 161.000000
59 76.000000 176.000000
59 91.000000 177.000000
59 91.500000 161.000000
60 76.500000 161.000000
60 76.500000 176.000000
60 91.000000 177.000000
60 91.500000 161.000000
61 76.500000 161.000000
61 76.500000 176.000000
61 91.000000 176.500000
61 91.500000 161.000000
62 76.500000 161.000000
62 76.000000 176.000000
62 91.000000 177.000000
62 91.500000 161.000000
63 76.500000 161.000000
63 76.500000 176.000000
63 91.000000 177.000000
63 91.500000 161.000000
64 76.500000 161.000000
64 76.000000 176.000000
64 91.000000 177.000000
64 91.500000 161.000000
65 76.500000 161.000000
65 76.000000 176.000000
65 91.000000 177.000000
65 91.500000 161.000000
66 76.500000 161.000000
66 76.000000 176.000000
66 91.000000 177.000000
66 91.500000 161.000000
67 76.500000 161.000000
67 76.000000 176.000000
67 91.000000 177.000000
67 91.500000 161.000000
68 76.500000 161.000000
68 76.500000 176.000000
68 91.000000 177.000000
68 91.500000 161.000000
69 76.500000 161.000000
69 76.500000 176.000000
69 91.000000 177.000000
69 91.500000 161.000000
70 76.500000 161.000000
70 76.500000 176.000000
70 91.000000 177.000000
70 91.500000 161.000000
71 76.500000 161.000000
71 76.500000 176.000000
71 91.000000 177.000000
71 91.500000 161.000000
72 76.500000 161.000000
72 76.500000 176.000000
72 91.000000 177.000000
72 91.500000 161.000000
73 76.500000 161.000000
73 76.500000 176.000000
73 91.000000 177.000000
73 91.500000 161.000000
74 76.500000 161.000000
74 76.500000 176.000000
74 91.000000 177.000000
74 91.500000 161.000000
75 76.500000 161.000000
75 76.500000 176.000000
75 91.000000 177.000000
75 91.500000 161.000000
76 76.500000 161.000000
76 76.500000 176.000000
76 91.000000 176.500000
76 91.500000 161.000000
77 76.500000 161.000000
77 76.500000 176.000000
77 91.000000 177.000000
77 91.500000 161.000000
78 76.500000 161.000000
78 76.500000 176.000000
78 91.000000 177.000000
78 91.500000 161.000000
79 76.500000 161.000000
79 76.500000 176.000000
79 91.000000 177.000000
79 91.500000 161.000000
80 76.500000 161.000000
80 76.500000 176.000000
80 91.000000 177.000000
80 91.500000 161.000000
81 76.500000 161.000000
81 76.500000 176.000000
81 91.000000 177.000000
81 91.500000 161.000000
82 76.500000 161.000000
82 76.000000 176.000000
82 91.000000 177.000000
82 91.500000 161.000000
83 76.500000 161.000000
83 76.500000 176.000000
83 91.000000 177.000000
83 91.500000 161.000000
84 76.500000 161.000000
84 76.500000 176.000000
84 91.000000 177.000000
84 91.500000 161.000000
85 76.500000 161.000000
85 76.500000 176.000000
85 91.000000 177.000000
85 91.500000 161.000000
86 76.500000 161.000000
86 76.000000 176.000000
86 91.000000 177.000000
86 91.500000 161.000000
87 76.500000 161.000000
87 76.500000 176.000000
87 91.000000 177.000000
87 91.500000 161.000000
88 76.500000 161.000000
88 76.000000 176.000000
88 91.000000 177.000000
88 91.500000 161.000000
89 76.500000 161.000000
89 76.500000 176.000000
89 91.000000 177.000000
89 91.500000 161.000000
90 76.500000 161.000000
90 76.500000 176.000000
90 91.000000 177.000000
90 91.500000 161.000000
91 76.500000 161.000000
91 76.500000 176.000000
91 91.000000 177.000000
91 91.500000 161.000000
92 76.500000 161.000000
92 76.500000 176.000000
92 91.000000 177.000000
92 91.500000 161.000000
93 76.500000 161.000000
93 76.500000 176.000000
93 91.000000 177.000000
93 91.500000 161.000000
94 76.500000 161.000000
94 76.500000 176.000000
94 91.000000 177.000000
94 91.500000 161.000000
95 76.500000 161.000000
95 76.500000 176.000000
95 91.000000 177.000000
95 91.500000 161.000000
96 76.500000 161.000000
96 76.500000 176.000000
96 91.000000 177.000000
96 91.500000 161.000000
97 76.500000 161.000000
97 76.000000 176.000000
97 91.000000 177.000000
97 91.500000 161.000000
98 76.500000 161.000000
98 76.500000 176.000000
98 91.000000 177.000000
98 91.500000 161.000000
99 76.500000 161.000000
99 76.500000 176.000000
99 91.000000 177.000000
99 91.500000 161.000000
100 76.500000 161.000000
100 76.500000 176.000000
100 91.000000 177.000000
100 91.500000 161.000000
101 76.500000 161.000000
101 76.500000 176.000000
101 91.000000 177.000000
101 91.500000 161.000000
102 76.500000 161.000000
102 76.500000 176.000000
102 91.000000 177.000000
102 91.500000 161.000000
103 76.500000 161.000000
103 76.500000 176.000000
103 91.000000 177.000000
103 91.500000 161.000000
104 76.500000 161.000000
104 76.500000 176.000000
104 91.000000 177.000000
104 91.500000 161.000000
105 76.500000 161.000000
105 76.500000 176.000000
105 91.000000 177.000000
105 91.500000 161.000000
106 76.500000 161.000000
106 76.500000 176.000000
106 91.000000 177.000000
106 91.500000 161.000000
107 76.500000 161.000000
107 76.500000 176.000000
107 91.000000 177.000000
107 91.500000 161.000000
108 76.500000 161.000000
108 76.500000 176.000000
108 91.000000 177.000000
108 91.500000 161.000000
109 76.500000 161.000000
109 76.000000 176.000000
109 91.000000 177.000000
109 91.500000 161.000000
110 76.500000 161.000000
110 76.500000 176.000000
110 91.000000 177.000000
110 91.500000 161.000000
111 76.500000 161.000000
111 76.500000 176.000000
111 91.000000 177.000000
111 91.500000 161.000000
112 76.500000 161.000000
112 76.500000 176.000000
112 91.000000 177.000000
112 91.500000 161.000000
113 76.500000 161.000000
113 76.500000 176.000000
113 91.000000 176.500000
113 91.500000 161.000000
114 76.500000 161.000000
114 76.500000 176.000000
114 91.000000 177.000000
114 91.500000 161.000000
115 76.500000 161.000000
115 76.000000 176.000000
115 91.000000 177.000000
115 91.500000 161.000000
116 76.500000 161.000000
116 76.500000 176.000000
116 91.000000 177.000000
116 91.500000 161.000000
117 76.500000 161.000000
117 76.500000 176.000000
117 91.000000 177.000000
117 91.500000 161.000000
118 76.500000 161.000000
118 76.500000 176.000000
118 91.000000 177.000000
118 91.500000 161.000000
119 76.500000 161.000000
119 76.500000 176.000000
119 91.000000 177.000000
119 91.500000 161.000000
120 76.500000 161.000000
120 76.000000 176.000000
120 91.000000 177.000000
120 91.500000 161.000000
121 76.500000 161.000000
121 76.500000 176.000000
121 91.000000 177.000000
121 91.500000 161.000000
122 76.500000 161.000000
122 76.000000 176.000000
122 91.000000 177.000000
122 91.500000 161.000000
123 76.500000 161.000000
123 76.500000 176.000000
123 91.000000 177.000000
123 91.500000 161.000000
124 76.500000 161.000000
124 76.500000 176.000000
124 91.000000 177.000000
124 91.500000 161.000000
125 76.500000 161.000000
125 76.500000 176.000000
125 91.000000 177.000000
125 91.500000 161.000000
126 76.500000 161.000000
126 76.500000 176.000000
126 91.000000 177.000000
126 91.500000 161.000000
127 76.500000 161.000000
127 76.500000 176.000000
127 91.000000 177.000000
127 91.500000 161.000000
128 76.500000 161.000000
128 76.500000 176.000000
128 91.000000 177.000000
128 91.500000 161.000000
129 76.500000 161.000000
129 76.500000 176.000000
129 91.000000 177.000000
129 91.500000 161.000000
130 76.500000 161.000000
130 76.000000 176.000000
130 91.000000 177.000000
130 91.500000 161.000000
131 76.500000 161.000000
131 76.500000 176.000000
131 91.000000 177.000000
131 91.500000 161.000000
132 76.500000 161.000000
132 76.500000 176.000000
132 91.000000 176.500000
132 91.500000 161.000000
133 76.500000 160.500000
133 76.500000 176.000000
133 91.000000 177.000000
133 91.500000 161.000000
134 76.500000 161.000000
134 76.500000 176.000000
134 91.000000 177.000000
134 91.500000 161.000000
135 76.500000 161.000000
135 76.000000 176.000000
135 91.000000 177.000000
135 91.500000 161.000000
136 76.500000 161.000000
136 76.500000 176.000000
136 91.000000 177.000000
136 91.500000 161.000000
137 76.500000 161.000000
137 76.500000 176.000000
137 91.000000 177.000000
137 91.500000 161.000000
138 76.500000 161.000000
138 76.500000 176.000000
138 91.000000 177.000000
138 91.500000 161.000000
139 76.500000 161.000000
139 76.000000 176.000000
139 91.000000 177.000000
139 91.500000 161.000000
140 76.500000 161.000000
140 76.500000 176.000000
140 91.000000 177.000000
140 91.500000 161.000000
141 76.500000 161.000000
141 76.500000 176.000000
141 91.000000 177.000000
141 91.500000 161.000000
142 76.500000 161.000000
142 76.500000 176.000000
142 91.000000 177.000000
142 91.500000 161.000000
143 76.500000 161.000000
143 76.000000 176.000000
143 91.000000 177.000000
143 91.500000 161.000000
144 76.500000 161.000000
144 76.000000 176.000000
144 91.000000 177.000000
144 91.500000 161.000000
145 76.500000 161.000000
145 76.000000 176.000000
145 91.000000 177.000000
145 91.500000 161.000000
146 76.500000 161.000000
146 76.500000 176.000000
146 91.000000 177.000000
146 91.500000 161.000000
147 76.500000 161.000000
147 76.500000 176.000000
147 91.000000 177.000000
147 91.500000 161.000000
148 76.500000 161.000000
148 76.000000 176.000000
148 91.000000 177.000000
148 91.500000 161.000000
149 76.500000 161.000000
149 76.500000 176.000000
149 91.000000 177.000000
149 91.500000 161.000000
150 76.500000 161.000000
150 76.500000 176.000000
150 91.000000 177.000000
150 91.500000 161.000000
151 76.500000 161.000000
151 76.500000 176.000000
151 91.000000 177.000000
151 91.500000 161.000000
152 76.500000 161.000000
152 76.500000 176.000000
152 91.000000 177.000000
152 91.500000 161.000000
153 76.500000 161.000000
153 76.500000 176.000000
153 91.000000 177.000000
153 91.500000 161.000000
154 76.500000 161.000000
154 76.500000 176.000000
154 91.000000 177.000000
154 91.500000 161.000000
155 76.500000 161.000000
155 76.500000 176.000000
155 91.000000 177.000000
155 91.500000 161.000000
156 76.500000 161.000000
156 76.500000 176.000000
156 91.000000 177.000000
156 91.500000 161.000000
157 76.500000 161.000000
157 76.500000 176.000000
157 91.000000 176.500000
157 91.500000 161.000000
158 76.500000 161.000000
158 76.500000 176.000000
158 91.000000 177.000000
158 91.500000 161.000000
159 76.500000 161.000000
159 76.500000 176.000000
159 91.000000 177.000000
159 91.500000 161.000000
160 76.500000 161.000000
160 76.500000 176.000000
160 91.000000 177.000000
160 91.500000 161.000000
