0 78.500000 68.500000
0 0.000000 0.000000
0 108.000000 106.000000
0 0.000000 0.000000
1 79.500000 54.500000
1 78.500000 68.500000
1 92.500000 67.500000
1 93.500000 53.500000
2 79.500000 54.500000
2 78.500000 68.500000
2 92.500000 67.500000
2 93.500000 53.500000
3 79.500000 54.500000
3 78.500000 68.500000
3 92.500000 67.500000
3 93.500000 53.500000
4 79.500000 54.500000
4 78.500000 68.500000
4 92.500000 67.500000
4 93.500000 53.500000
5 79.500000 54.500000
5 78.500000 68.500000
5 92.500000 67.500000
5 93.500000 53.500000
6 79.500000 54.500000
6 78.500000 68.500000
6 92.500000 67.500000
6 93.500000 53.500000
7 79.500000 54.500000
7 78.500000 68.500000
7 92.500000 67.500000
7 93.500000 53.500000
8 79.500000 54.500000
8 78.500000 68.500000
8 92.500000 67.500000
8 93.500000 53.500000
9 79.500000 54.500000
9 78.500000 68.500000
9 92.500000 67.500000
9 93.500000 53.500000
10 79.500000 54.500000
10 78.500000 68.500000
10 92.500000 67.500000
10 93.500000 53.500000
11 79.500000 54.500000
11 78.500000 68.500000
11 92.500000 67.500000
11 93.500000 53.500000
12 79.500000 54.500000
12 78.500000 68.500000
12 92.500000 67.500000
12 93.500000 53.500000
13 79.500000 54.500000
13 78.500000 68.500000
13 92.500000 67.500000
13 93.500000 53.500000
14 79.500000 54.500000
14 78.500000 68.500000
14 92.500000 67.500000
14 93.500000 53.500000
15 79.500000 54.500000
15 78.500000 68.500000
15 92.500000 67.500000
15 93.500000 53.500000
16 79.500000 54.500000
16 78.500000 68.500000
16 92.500000 67.500000
16 93.500000 53.500000
17 79.500000 54.500000
17 78.500000 68.500000
17 92.500000 67.500000
17 93.500000 53.500000
18 79.500000 54.500000
18 78.500000 68.500000
18 92.500000 67.500000
18 93.500000 53.500000
19 79.500000 54.500000
19 78.500000 68.500000
19 92.500000 67.500000
19 93.500000 53.500000
20 79.500000 54.500000
20 78.500000 68.500000
20 92.500000 67.500000
20 93.500000 53.500000
21 79.500000 54.500000
21 78.500000 68.500000
21 92.500000 67.500000
21 93.500000 53.500000
22 79.500000 54.500000
22 78.500000 68.500000
22 92.500000 67.500000
22 93.500000 53.500000
23 79.500000 54.500000
23 78.500000 68.500000
23 92.500000 67.500000
23 93.500000 53.500000
24 79.500000 54.500000
24 78.500000 68.500000
24 92.500000 67.500000
24 93.500000 53.500000
25 79.500000 54.500000
25 78.500000 68.500000
25 92.500000 67.500000
25 93.500000 53.500000
26 79.500000 54.500000
26 78.500000 68.500000
26 92.500000 67.500000
26 93.500000 53.500000
27 79.500000 54.500000
27 78.500000 68.500000
27 92.500000 67.500000
27 93.500000 53.500000
28 79.500000 54.500000
28 78.500000 68.500000
28 92.500000 67.500000
28 93.500000 53.500000
29 79.500000 54.500000
29 78.500000 68.500000
29 92.500000 67.500000
29 93.500000 53.500000
30 79.500000 54.500000
30 78.500000 68.500000
30 92.500000 67.500000
30 93.500000 53.500000
31 79.500000 54.500000
31 78.500000 68.500000
31 92.500000 67.500000
31 93.500000 53.500000
32 79.500000 54.500000
32 78.500000 68.500000
32 92.500000 67.500000
32 93.500000 53.500000
33 79.500000 54.500000
33 78.500000 68.500000
33 92.500000 67.500000
33 93.500000 53.500000
34 79.500000 54.500000
34 78.500000 68.500000
34 92.500000 67.500000
34 93.500000 53.500000
35 79.500000 54.500000
35 78.500000 68.500000
35 92.500000 67.500000
35 93.500000 53.500000
36 79.500000 54.500000
36 78.500000 68.500000
36 92.500000 67.500000
36 93.500000 53.500000
37 79.500000 54.500000
37 78.500000 68.500000
37 92.500000 67.500000
37 93.500000 53.500000
38 79.500000 54.500000
38 78.500000 68.500000
38 92.500000 67.500000
38 93.500000 53.500000
39 79.500000 54.500000
39 78.500000 68.500000
39 92.500000 67.500000
39 93.500000 53.500000
40 79.500000 54.500000
40 78.500000 68.500000
40 92.500000 67.500000
40 93.500000 53.500000
41 79.500000 54.500000
41 78.500000 68.500000
41 92.500000 67.500000
41 93.500000 53.500000
42 79.500000 54.500000
42 78.500000 68.500000
42 92.500000 67.500000
42 93.500000 53.500000
43 79.500000 54.500000
43 78.500000 68.500000
43 92.500000 67.500000
43 93.500000 53.500000
44 79.500000 54.500000
44 78.500000 68.500000
44 92.500000 67.500000
44 93.500000 53.500000
45 79.500000 54.500000
45 78.500000 68.500000
45 92.500000 67.500000
45 93.500000 53.500000
46 79.500000 54.500000
46 78.500000 68.500000
46 92.500000 67.500000
46 93.500000 53.500000
47 79.500000 54.500000
47 78.500000 68.500000
47 92.500000 67.500000
47 93.500000 53.500000
48 79.500000 54.500000
48 78.500000 68.500000
48 92.500000 67.500000
48 93.500000 53.500000
49 79.500000 54.500000
49 78.500000 68.500000
49 92.500000 67.500000
49 93.500000 53.500000
50 79.500000 54.500000
50 78.500000 68.500000
50 92.500000 67.500000
50 93.500000 53.500000
51 79.500000 54.500000
51 78.500000 68.500000
51 92.500000 67.500000
51 93.500000 53.500000
52 79.500000 54.500000
52 78.500000 68.500000
52 92.500000 67.500000
52 93.500000 53.500000
53 79.500000 54.500000
53 78.500000 68.500000
53 92.500000 67.500000
53 93.500000 53.500000
54 79.500000 54.500000
54 78.500000 68.500000
54 92.500000 67.500000
54 93.500000 53.500000
55 79.500000 54.500000
55 78.500000 68.500000
55 92.500000 67.500000
55 93.500000 53.500000
56 79.500000 54.500000
56 78.500000 68.500000
56 92.500000 67.500000
56 93.500000 53.500000
57 79.500000 54.500000
57 78.500000 68.500000
57 92.500000 67.500000
57 93.500000 53.500000
58 79.500000 54.500000
58 78.500000 68.500000
58 92.500000 67.500000
58 93.500000 53.500000
59 79.500000 54.500000
59 78.500000 68.500000
59 92.500000 67.500000
59 93.500000 53.500000
60 79.500000 54.500000
60 78.500000 68.500000
60 92.500000 67.500000
60 93.500000 53.500000
61 79.500000 54.500000
61 78.500000 68.500000
61 92.500000 67.500000
61 93.500000 53.500000
62 79.500000 54.500000
62 78.500000 68.500000
62 92.500000 67.500000
62 93.500000 53.500000
63 79.500000 54.500000
63 78.500000 68.500000
63 92.500000 67.500000
63 93.500000 53.500000
64 79.500000 54.500000
64 78.500000 68.500000
64 92.500000 67.500000
64 93.500000 53.500000
65 79.500000 54.500000
65 78.500000 68.500000
65 92.500000 67.500000
65 93.500000 53.500000
66 79.500000 54.500000
66 78.500000 68.500000
66 92.500000 67.500000
66 93.500000 53.500000
67 79.500000 54.500000
67 78.500000 68.500000
67 92.500000 67.500000
67 93.500000 53.500000
68 79.500000 54.500000
68 78.500000 68.500000
68 92.500000 67.500000
68 93.500000 53.500000
69 79.500000 54.500000
69 78.500000 68.500000
69 92.500000 67.500000
69 93.500000 53.500000
70 79.500000 54.500000
70 78.500000 68.500000
70 92.500000 67.500000
70 93.500000 53.500000
71 79.500000 54.500000
71 78.500000 68.500000
71 92.500000 67.500000
71 93.500000 53.500000
72 79.500000 54.500000
72 78.500000 68.500000
72 92.500000 67.500000
72 93.500000 53.500000
73 79.500000 54.500000
73 78.500000 68.500000
73 92.500000 67.500000
73 93.500000 53.500000
74 79.500000 54.500000
74 78.500000 68.500000
74 92.500000 67.500000
74 93.500000 53.500000
75 79.500000 54.500000
75 78.500000 68.500000
75 92.500000 67.500000
75 93.500000 53.500000
76 79.500000 54.500000
76 78.500000 68.500000
76 92.500000 67.500000
76 93.500000 53.500000
77 79.500000 54.500000
77 78.500000 68.500000
77 92.500000 67.500000
77 93.500000 53.500000
78 79.500000 54.500000
78 78.500000 68.500000
78 92.500000 67.500000
78 93.500000 53.500000
79 79.500000 54.500000
79 78.500000 68.500000
79 92.500000 67.500000
79 93.500000 53.500000
80 79.500000 54.500000
80 78.500000 68.500000
80 92.500000 67.500000
80 93.500000 53.500000
81 79.500000 54.500000
81 78.500000 68.500000
81 92.500000 67.500000
81 93.500000 53.500000
82 79.500000 54.500000
82 78.500000 68.500000
82 92.500000 67.500000
82 93.500000 53.500000
83 79.500000 54.500000
83 78.500000 68.500000
83 92.500000 67.500000
83 93.500000 53.500000
84 79.500000 54.500000
84 78.500000 68.500000
84 92.500000 67.500000
84 93.500000 53.500000
85 79.500000 54.500000
85 78.500000 68.500000
85 92.500000 67.500000
85 93.500000 53.500000
86 79.500000 54.500000
86 78.500000 68.500000
86 92.500000 67.500000
86 93.500000 53.500000
87 79.500000 54.500000
87 78.500000 68.500000
87 92.500000 67.500000
87 93.500000 53.500000
88 79.500000 54.500000
88 78.500000 68.500000
88 92.500000 67.500000
88 93.500000 53.500000
89 79.500000 54.500000
89 78.500000 68.500000
89 92.500000 67.500000
89 93.500000 53.500000
90 79.500000 54.500000
90 78.500000 68.500000
90 92.500000 67.500000
90 93.500000 53.500000
91 79.500000 54.500000
91 78.500000 68.500000
91 92.500000 67.500000
91 93.500000 53.500000
92 79.500000 54.500000
92 78.500000 68.500000
92 92.500000 67.500000
92 93.500000 53.500000
93 79.500000 54.500000
93 78.500000 68.500000
93 92.500000 67.500000
93 93.500000 53.500000
94 79.500000 54.500000
94 78.500000 68.500000
94 92.500000 67.500000
94 93.500000 53.500000
95 79.500000 54.500000
95 78.500000 68.500000
95 92.500000 67.500000
95 93.500000 53.500000
96 79.500000 54.500000
96 78.500000 68.500000
96 92.500000 67.500000
96 93.500000 53.500000
97 79.500000 54.500000
97 78.500000 68.500000
97 92.500000 67.500000
97 93.500000 53.500000
98 79.500000 54.500000
98 78.500000 68.500000
98 92.500000 67.500000
98 93.500000 53.500000
99 79.500000 54.500000
99 78.500000 68.500000
99 92.500000 67.500000
99 93.500000 53.500000
100 79.500000 54.500000
100 78.500000 68.500000
100 92.500000 67.500000
100 93.500000 53.500000
101 79.500000 54.500000
101 78.500000 68.500000
101 92.500000 67.500000
101 93.500000 53.500000
102 79.500000 54.500000
102 78.500000 68.500000
102 92.500000 67.500000
102 93.500000 53.500000
103 79.500000 54.500000
103 78.500000 68.500000
103 92.500000 67.500000
103 93.500000 53.500000
104 79.500000 54.500000
104 78.500000 68.500000
104 92.500000 67.500000
104 93.500000 53.500000
105 79.500000 54.500000
105 78.500000 68.500000
105 92.500000 67.500000
105 93.500000 53.500000
106 79.500000 54.500000
106 78.500000 68.500000
106 92.500000 67.500000
106 93.500000 53.500000
107 79.500000 54.500000
107 78.500000 68.500000
107 92.500000 67.500000
107 93.500000 53.500000
108 79.500000 54.500000
108 78.500000 68.500000
108 92.500000 67.500000
108 93.500000 53.500000
109 79.500000 54.500000
109 78.500000 68.500000
109 92.500000 67.500000
109 93.500000 53.500000
110 79.500000 54.500000
110 78.500000 68.500000
110 92.500000 67.500000
110 93.500000 53.500000
111 79.500000 54.500000
111 78.500000 68.500000
111 92.500000 67.500000
111 93.500000 53.500000
112 79.500000 54.500000
112 78.500000 68.500000
112 92.500000 67.500000
112 93.500000 53.500000
113 79.500000 54.500000
113 78.500000 68.500000
113 92.500000 67.500000
113 93.500000 53.500000
114 79.500000 54.500000
114 78.500000 68.500000
114 92.500000 67.500000
114 93.500000 53.500000
115 79.500000 54.500000
115 78.500000 68.500000
115 92.500000 67.500000
115 93.500000 53.500000
116 79.500000 54.500000
116 78.500000 68.500000
116 92.500000 67.500000
116 93.500000 53.500000
117 79.500000 54.500000
117 78.500000 68.500000
117 92.500000 67.500000
117 93.500000 53.500000
118 79.500000 54.500000
118 78.500000 68.500000
118 92.500000 67.500000
118 93.500000 53.500000
119 79.500000 54.500000
119 78.500000 68.500000
119 92.500000 67.500000
119 93.500000 53.500000
120 79.500000 54.500000
120 78.500000 68.500000
120 92.500000 67.500000
120 93.500000 53.500000
121 79.500000 54.500000
121 78.500000 68.500000
121 92.500000 67.500000
121 93.500000 53.500000
122 79.500000 54.500000
122 78.500000 68.500000
122 92.500000 67.500000
122 93.500000 53.500000
123 79.500000 54.500000
123 78.500000 68.500000
123 92.500000 67.500000
123 93.500000 53.500000
124 79.500000 54.500000
124 78.500000 68.500000
124 92.500000 67.500000
124 93.500000 53.500000
125 79.500000 54.500000
125 78.500000 68.500000
125 92.500000 67.500000
125 93.500000 53.500000
126 79.500000 54.500000
126 78.500000 68.500000
126 92.500000 67.500000
126 93.500000 53.500000
127 79.500000 54.500000
127 78.500000 68.500000
127 92.500000 67.500000
127 93.500000 53.500000
128 79.500000 54.500000
128 78.500000 68.500000
128 92.500000 67.500000
128 93.500000 53.500000
129 79.500000 54.500000
129 78.500000 68.500000
129 92.500000 67.500000
129 93.500000 53.500000
130 79.500000 54.500000
130 78.500000 68.500000
130 92.500000 67.500000
130 93.500000 53.500000
131 79.500000 54.500000
131 78.500000 68.500000
131 92.500000 67.500000
131 93.500000 53.500000
132 79.500000 54.500000
132 78.500000 68.500000
132 92.500000 67.500000
132 93.500000 53.500000
133 79.500000 54.500000
133 78.500000 68.500000
133 92.500000 67.500000
133 93.500000 53.500000
134 79.500000 54.500000
134 78.500000 68.500000
134 92.500000 67.500000
134 93.500000 53.500000
135 79.500000 54.500000
135 78.500000 68.500000
135 92.500000 67.500000
135 93.500000 53.500000
136 79.500000 54.500000
136 78.500000 68.500000
136 92.500000 67.500000
136 93.500000 53.500000
137 79.500000 54.500000
137 78.500000 68.500000
137 92.500000 67.500000
137 93.500000 53.500000
138 79.500000 54.500000
138 78.500000 68.500000
138 92.500000 67.500000
138 93.500000 53.500000
139 79.500000 54.500000
139 78.500000 68.500000
139 92.500000 67.500000
139 93.500000 53.500000
140 79.500000 54.500000
140 78.500000 68.500000
140 92.500000 67.500000
140 93.500000 53.500000
141 79.500000 54.500000
141 78.500000 68.500000
141 92.500000 67.500000
141 93.500000 53.500000
142 79.500000 54.500000
142 78.500000 68.500000
142 92.500000 67.500000
142 93.500000 53.500000
143 79.500000 54.500000
143 78.500000 68.500000
143 92.500000 67.500000
143 93.500000 53.500000
144 79.500000 54.500000
144 78.500000 68.500000
144 92.500000 67.500000
144 93.500000 53.500000
145 79.500000 54.500000
145 78.500000 68.500000
145 92.500000 67.500000
145 93.500000 53.500000
146 79.500000 54.500000
146 78.500000 68.500000
146 92.500000 67.500000
146 93.500000 53.500000
147 79.500000 54.500000
147 78.500000 68.500000
147 92.500000 67.500000
147 93.500000 53.500000
148 79.500000 54.500000
148 78.500000 68.500000
148 92.500000 67.500000
148 93.500000 53.500000
149 79.500000 54.500000
149 78.500000 68.500000
149 92.500000 67.500000
149 93.500000 53.500000
150 79.500000 54.500000
150 78.500000 68.500000
150 92.500000 67.500000
150 93.500000 53.500000
151 79.500000 54.500000
151 78.500000 68.500000
151 92.500000 67.500000
151 93.500000 53.500000
152 79.500000 54.500000
152 78.500000 68.500000
152 92.500000 67.500000
152 93.500000 53.500000
153 79.500000 54.500000
153 78.500000 68.500000
153 92.500000 67.500000
153 93.500000 53.500000
154 79.500000 54.500000
154 78.500000 68.500000
154 92.500000 67.500000
154 93.500000 53.500000
155 79.500000 54.500000
155 78.500000 68.500000
155 92.500000 67.500000
155 93.500000 53.500000
156 79.500000 54.500000
156 78.500000 68.500000
156 92.500000 67.500000
156 93.500000 53.500000
157 79.500000 54.500000
157 78.500000 68.500000
157 92.500000 67.500000
157 93.500000 53.500000
158 79.500000 54.500000
158 78.500000 68.500000
158 92.500000 67.500000
158 93.500000 53.500000
159 79.500000 54.500000
159 78.500000 68.500000
159 92.500000 67.500000
159 93.500000 53.500000
160 79.500000 54.500000
160 78.500000 68.500000
160 92.500000 67.500000
160 93.500000 53.500000
