0 0.000000 0.000000
0 21.000000 146.500000
0 44.500000 148.000000
0 45.000000 118.500000
1 21.000000 119.000000
1 21.000000 146.500000
1 44.500000 148.000000
1 45.000000 118.500000
2 21.000000 119.000000
2 21.000000 147.000000
2 44.500000 148.000000
2 45.000000 118.500000
3 21.000000 119.000000
3 21.000000 146.500000
3 44.500000 148.000000
3 45.000000 118.500000
4 21.000000 119.000000
4 21.000000 147.000000
4 44.500000 148.000000
4 45.000000 118.500000
5 21.000000 119.000000
5 21.000000 147.000000
5 44.500000 148.000000
5 45.000000 118.500000
6 21.000000 119.000000
6 21.000000 147.000000
6 44.500000 148.000000
6 45.000000 118.500000
7 21.000000 119.000000
7 21.000000 146.500000
7 44.500000 148.000000
7 45.000000 118.500000
8 21.000000 119.000000
8 21.000000 146.500000
8 44.500000 148.000000
8 45.000000 118.500000
9 21.000000 119.000000
9 21.000000 146.500000
9 44.500000 148.000000
9 45.000000 118.500000
10 21.000000 119.000000
10 21.000000 146.500000
10 44.500000 148.000000
10 45.000000 118.500000
11 21.000000 119.000000
11 21.000000 146.500000
11 44.500000 148.000000
11 45.000000 118.500000
12 21.000000 119.000000
12 21.000000 146.500000
12 44.500000 148.000000
12 45.000000 118.500000
13 21.000000 119.000000
13 21.000000 146.500000
13 44.500000 148.000000
13 45.000000 118.500000
14 21.000000 119.000000
14 21.000000 147.000000
14 44.500000 148.000000
14 45.000000 118.500000
15 21.000000 119.000000
15 21.000000 146.500000
15 44.500000 148.000000
15 45.000000 118.500000
16 21.000000 119.000000
16 21.000000 146.500000
16 44.500000 148.000000
16 45.000000 118.500000
17 21.000000 119.000000
17 21.000000 146.500000
17 44.500000 148.000000
17 45.000000 118.500000
18 21.000000 119.000000
18 21.000000 147.000000
18 44.500000 148.000000
18 45.000000 118.500000
19 21.000000 119.000000
19 21.000000 147.000000
19 44.500000 148.000000
19 45.000000 118.500000
20 21.000000 119.000000
20 21.000000 147.000000
20 44.500000 148.000000
20 45.000000 118.500000
21 21.000000 119.000000
21 21.000000 147.000000
21 44.500000 148.000000
21 45.000000 118.500000
22 21.000000 119.000000
22 21.000000 146.500000
22 44.500000 148.000000
22 45.000000 118.500000
23 21.000000 119.000000
23 21.000000 147.000000
23 44.500000 148.000000
23 45.000000 118.500000
24 21.000000 119.000000
24 21.000000 147.000000
24 44.500000 148.000000
24 45.000000 118.500000
25 21.000000 119.000000
25 21.000000 146.500000
25 44.500000 148.000000
25 45.000000 118.500000
26 21.000000 119.000000
26 21.000000 147.000000
26 44.500000 148.000000
26 45.000000 118.500000
27 21.000000 119.000000
27 21.000000 147.000000
27 44.500000 148.000000
27 45.000000 118.500000
28 21.000000 119.000000
28 21.000000 146.500000
28 44.500000 148.000000
28 45.000000 118.500000
29 21.000000 119.000000
29 21.000000 147.000000
29 44.500000 148.000000
29 45.000000 118.500000
30 21.000000 119.000000
30 21.000000 146.500000
30 44.500000 148.000000
30 45.000000 118.500000
31 21.000000 119.000000
31 21.000000 147.000000
31 44.500000 148.000000
31 45.000000 118.500000
32 21.000000 119.000000
32 21.000000 146.500000
32 44.500000 148.000000
32 45.000000 118.500000
33 21.000000 119.000000
33 21.000000 146.500000
33 44.500000 148.000000
33 45.000000 118.500000
34 21.000000 119.000000
34 21.000000 146.500000
34 44.500000 148.000000
34 45.000000 118.500000
35 21.000000 119.000000
35 21.000000 146.500000
35 44.500000 148.000000
35 45.000000 118.500000
36 21.000000 119.000000
36 21.000000 147.000000
36 44.500000 148.000000
36 45.000000 118.500000
37 21.000000 119.000000
37 21.000000 147.000000
37 44.500000 148.000000
37 45.000000 118.500000
38 21.000000 119.000000
38 21.000000 146.500000
38 44.500000 148.000000
38 45.000000 118.500000
39 21.000000 119.000000
39 21.000000 147.000000
39 44.500000 148.000000
39 45.000000 118.500000
40 21.000000 119.000000
40 21.000000 147.000000
40 44.500000 148.000000
40 45.000000 118.500000
41 21.000000 119.000000
41 21.000000 147.000000
41 44.500000 148.000000
41 45.000000 118.500000
42 21.000000 119.000000
42 21.000000 147.000000
42 44.500000 148.000000
42 45.000000 118.500000
43 21.000000 119.000000
43 21.000000 146.500000
43 44.500000 148.000000
43 45.000000 118.500000
44 21.000000 119.000000
44 21.000000 147.000000
44 44.500000 148.000000
44 45.000000 118.500000
45 21.000000 119.000000
45 21.000000 146.500000
45 44.500000 148.000000
45 45.000000 118.500000
46 21.000000 119.000000
46 21.000000 147.000000
46 44.500000 148.000000
46 45.000000 118.500000
47 21.000000 119.000000
47 21.000000 147.000000
47 44.500000 148.000000
47 45.000000 118.500000
48 21.000000 119.000000
48 21.000000 147.000000
48 44.500000 148.000000
48 45.000000 118.500000
49 21.000000 119.000000
49 21.000000 147.000000
49 44.500000 148.000000
49 45.000000 118.500000
50 21.000000 119.000000
50 21.000000 146.500000
50 44.500000 148.000000
50 45.000000 118.500000
51 21.000000 119.000000
51 21.000000 146.500000
51 44.500000 148.000000
51 45.000000 118.500000
52 21.000000 119.000000
52 21.000000 147.000000
52 44.500000 148.000000
52 45.000000 118.500000
53 21.000000 119.000000
53 21.000000 146.500000
53 44.500000 148.000000
53 45.000000 118.500000
54 21.000000 119.000000
54 21.000000 146.500000
54 44.500000 148.000000
54 45.000000 118.500000
55 21.000000 119.000000
55 21.000000 147.000000
55 44.500000 148.000000
55 45.000000 118.500000
56 21.000000 119.000000
56 21.000000 146.500000
56 44.500000 148.000000
56 45.000000 118.500000
57 21.000000 119.000000
57 21.000000 146.500000
57 44.500000 148.000000
57 45.000000 118.500000
58 21.000000 119.000000
58 21.000000 146.500000
58 44.500000 148.000000
58 45.000000 118.500000
59 21.000000 119.000000
59 21.000000 147.000000
59 44.500000 148.000000
59 45.000000 118.500000
60 21.000000 119.000000
60 21.000000 147.000000
60 44.500000 148.000000
60 45.000000 118.500000
61 21.000000 119.000000
61 21.000000 146.500000
61 44.500000 148.000000
61 45.000000 118.500000
62 21.000000 119.000000
62 21.000000 146.500000
62 44.500000 148.000000
62 45.000000 118.500000
63 21.000000 119.000000
63 21.000000 146.500000
63 44.500000 148.000000
63 45.000000 118.500000
64 21.000000 119.000000
64 21.000000 147.000000
64 44.500000 148.000000
64 45.000000 118.500000
65 21.000000 119.000000
65 21.000000 146.500000
65 44.500000 148.000000
65 45.000000 118.500000
66 21.000000 119.000000
66 21.000000 147.000000
66 44.500000 148.000000
66 45.000000 118.500000
67 21.000000 119.000000
67 21.000000 147.000000
67 44.500000 148.000000
67 45.000000 118.500000
68 21.000000 119.000000
68 21.000000 147.000000
68 44.500000 148.000000
68 45.000000 118.500000
69 21.000000 119.000000
69 21.000000 146.500000
69 44.500000 148.000000
69 45.000000 118.500000
70 21.000000 119.000000
70 21.000000 146.500000
70 44.500000 148.000000
70 45.000000 118.500000
71 21.000000 119.000000
71 21.000000 146.500000
71 44.500000 148.000000
71 45.000000 118.500000
72 21.000000 119.000000
72 21.000000 147.000000
72 44.500000 148.000000
72 45.000000 118.500000
73 21.000000 119.000000
73 21.000000 146.500000
73 44.500000 148.000000
73 45.000000 118.500000
74 21.000000 119.000000
74 21.000000 147.000000
74 44.500000 148.000000
74 45.000000 118.500000
75 21.000000 119.000000
75 21.000000 146.500000
75 44.500000 148.000000
75 45.000000 118.500000
76 21.000000 119.000000
76 21.000000 146.500000
76 44.500000 148.000000
76 45.000000 118.500000
77 21.000000 119.000000
77 21.000000 147.000000
77 44.500000 148.000000
77 45.000000 118.500000
78 21.000000 119.000000
78 21.000000 147.000000
78 44.500000 148.000000
78 45.000000 118.500000
79 21.000000 119.000000
79 21.000000 146.500000
79 44.500000 148.000000
79 45.000000 118.500000
80 21.000000 119.000000
80 21.000000 147.000000
80 44.500000 148.000000
80 45.000000 118.500000
81 21.000000 119.000000
81 21.000000 146.500000
81 44.500000 148.000000
81 45.000000 118.500000
82 21.000000 119.000000
82 21.000000 146.500000
82 44.500000 148.000000
82 45.000000 118.500000
83 21.000000 119.000000
83 21.000000 146.500000
83 44.500000 148.000000
83 45.000000 118.500000
84 21.000000 119.000000
84 21.000000 147.000000
84 44.500000 148.000000
84 45.000000 118.500000
85 21.000000 119.000000
85 21.000000 147.000000
85 44.500000 148.000000
85 45.000000 118.500000
86 21.000000 119.000000
86 21.000000 146.500000
86 44.500000 148.000000
86 45.000000 118.500000
87 21.000000 119.000000
87 21.000000 147.000000
87 44.500000 148.000000
87 45.000000 118.500000
88 21.000000 119.000000
88 21.000000 147.000000
88 44.500000 148.000000
88 45.000000 118.500000
89 21.000000 119.000000
89 21.000000 146.500000
89 44.500000 148.000000
89 45.000000 118.500000
90 21.000000 119.000000
90 21.000000 147.000000
90 44.500000 148.000000
90 45.000000 118.500000
91 21.000000 119.000000
91 21.000000 146.500000
91 44.500000 148.000000
91 45.000000 118.500000
92 21.000000 119.000000
92 21.000000 146.500000
92 44.500000 148.000000
92 45.000000 118.500000
93 21.000000 119.000000
93 21.000000 146.500000
93 44.500000 148.000000
93 45.000000 118.500000
94 21.000000 119.000000
94 21.000000 147.000000
94 44.500000 148.000000
94 45.000000 118.500000
95 21.000000 119.000000
95 21.000000 147.000000
95 44.500000 148.000000
95 45.000000 118.500000
96 21.000000 119.000000
96 21.000000 146.500000
96 44.500000 148.000000
96 45.000000 118.500000
97 21.000000 119.000000
97 21.000000 146.500000
97 44.500000 148.000000
97 45.000000 118.500000
98 21.000000 119.000000
98 21.000000 147.000000
98 44.500000 148.000000
98 45.000000 118.500000
99 21.000000 119.000000
99 21.000000 146.500000
99 44.500000 148.000000
99 45.000000 118.500000
100 21.000000 119.000000
100 21.000000 147.000000
100 44.500000 148.000000
100 45.000000 118.500000
101 21.000000 119.000000
101 21.000000 146.500000
101 44.500000 148.000000
101 45.000000 118.500000
102 21.000000 119.000000
102 21.000000 146.500000
102 44.500000 148.000000
102 45.000000 118.500000
103 21.000000 119.000000
103 21.000000 146.500000
103 44.500000 148.000000
103 45.000000 118.500000
104 21.000000 119.000000
104 21.000000 146.500000
104 44.500000 148.000000
104 45.000000 118.500000
105 21.000000 119.000000
105 21.000000 146.500000
105 44.500000 148.000000
105 45.000000 118.500000
106 21.000000 119.000000
106 21.000000 146.500000
106 44.500000 148.000000
106 45.000000 118.500000
107 21.000000 119.000000
107 21.000000 147.000000
107 44.500000 148.000000
107 45.000000 118.500000
108 21.000000 119.000000
108 21.000000 146.500000
108 44.500000 148.000000
108 45.000000 118.500000
109 21.000000 119.000000
109 21.000000 146.500000
109 44.500000 148.000000
109 45.000000 118.500000
110 21.000000 119.000000
110 21.000000 146.500000
110 44.500000 148.000000
110 45.000000 118.500000
111 21.000000 119.000000
111 21.000000 147.000000
111 44.500000 148.000000
111 45.000000 118.500000
112 21.000000 119.000000
112 21.000000 146.500000
112 44.500000 148.000000
112 45.000000 118.500000
113 21.000000 119.000000
113 21.000000 147.000000
113 44.500000 148.000000
113 45.000000 118.500000
114 21.000000 119.000000
114 21.000000 146.500000
114 44.500000 148.000000
114 45.000000 118.500000
115 21.000000 119.000000
115 21.000000 147.000000
115 44.500000 148.000000
115 45.000000 118.500000
116 21.000000 119.000000
116 21.000000 146.500000
116 44.500000 148.000000
116 45.000000 118.500000
117 21.000000 119.000000
117 21.000000 146.500000
117 44.500000 148.000000
117 45.000000 118.500000
118 21.000000 119.000000
118 21.000000 146.500000
118 44.500000 148.000000
118 45.000000 118.500000
119 21.000000 119.000000
119 21.000000 147.000000
119 44.500000 148.000000
119 45.000000 118.500000
120 21.000000 119.000000
120 21.000000 146.500000
120 44.500000 148.000000
120 45.000000 118.500000
121 21.000000 119.000000
121 21.000000 146.500000
121 44.500000 148.000000
121 45.000000 118.500000
122 21.000000 119.000000
122 21.000000 147.000000
122 44.500000 148.000000
122 45.000000 118.500000
123 21.000000 119.000000
123 21.000000 146.500000
123 44.500000 148.000000
123 45.000000 118.500000
124 21.000000 119.000000
124 21.000000 147.000000
124 44.500000 148.000000
124 45.000000 118.500000
125 21.000000 119.000000
125 21.000000 147.000000
125 44.500000 148.000000
125 45.000000 118.500000
126 21.000000 119.000000
126 21.000000 146.500000
126 44.500000 148.000000
126 45.000000 118.500000
127 21.000000 119.000000
127 21.000000 146.500000
127 44.500000 148.000000
127 45.000000 118.500000
128 21.000000 119.000000
128 21.000000 146.500000
128 44.500000 148.000000
128 45.000000 118.500000
129 21.000000 119.000000
129 21.000000 147.000000
129 44.500000 148.000000
129 45.000000 118.500000
130 21.000000 119.000000
130 21.000000 146.500000
130 44.500000 148.000000
130 45.000000 118.500000
131 21.000000 119.000000
131 21.000000 147.000000
131 44.500000 148.000000
131 45.000000 118.500000
132 21.000000 119.000000
132 21.000000 146.500000
132 44.500000 148.000000
132 45.000000 118.500000
133 21.000000 119.000000
133 21.000000 146.500000
133 44.500000 148.000000
133 45.000000 118.500000
134 21.000000 119.000000
134 21.000000 147.000000
134 44.500000 148.000000
134 45.000000 118.500000
135 21.000000 119.000000
135 21.000000 146.500000
135 44.500000 148.000000
135 45.000000 118.500000
136 21.000000 119.000000
136 21.000000 147.000000
136 44.500000 148.000000
136 45.000000 118.500000
137 21.000000 119.000000
137 21.000000 146.500000
137 44.500000 148.000000
137 45.000000 118.500000
138 21.000000 119.000000
138 21.000000 147.000000
138 44.500000 148.000000
138 45.000000 118.500000
139 21.000000 119.000000
139 21.000000 146.500000
139 44.500000 148.000000
139 45.000000 118.500000
140 21.000000 119.000000
140 21.000000 146.500000
140 44.500000 148.000000
140 45.000000 118.500000
141 21.000000 119.000000
141 21.000000 146.500000
141 44.500000 148.000000
141 45.000000 118.500000
142 21.000000 119.000000
142 21.000000 147.000000
142 44.500000 148.000000
142 45.000000 118.500000
143 21.000000 119.000000
143 21.000000 147.000000
143 44.500000 148.000000
143 45.000000 118.500000
144 21.000000 119.000000
144 21.000000 146.500000
144 44.500000 148.000000
144 45.000000 118.500000
145 21.000000 119.000000
145 21.000000 147.000000
145 44.500000 148.000000
145 45.000000 118.500000
146 21.000000 119.000000
146 21.000000 146.500000
146 44.500000 148.000000
146 45.000000 118.500000
147 21.000000 119.000000
147 21.000000 146.500000
147 44.500000 148.000000
147 45.000000 118.500000
148 21.000000 119.000000
148 21.000000 147.000000
148 44.500000 148.000000
148 45.000000 118.500000
149 21.000000 119.000000
149 21.000000 147.000000
149 44.500000 148.000000
149 45.000000 118.500000
150 21.000000 119.000000
150 21.000000 146.500000
150 44.500000 148.000000
150 45.000000 118.500000
151 21.000000 119.000000
151 21.000000 147.000000
151 44.500000 148.000000
151 45.000000 118.500000
152 21.000000 119.000000
152 21.000000 146.500000
152 44.500000 148.000000
152 45.000000 118.500000
153 21.000000 119.000000
153 21.000000 147.000000
153 44.500000 148.000000
153 45.000000 118.500000
154 21.000000 119.000000
154 21.000000 147.000000
154 44.500000 148.000000
154 45.000000 118.500000
155 21.000000 119.000000
155 21.000000 146.500000
155 44.500000 148.000000
155 45.000000 118.500000
156 21.000000 119.000000
156 21.000000 146.500000
156 44.500000 148.000000
156 45.000000 118.500000
157 21.000000 119.000000
157 21.000000 146.500000
157 44.500000 148.000000
157 45.000000 118.500000
158 21.000000 119.000000
158 21.000000 146.500000
158 44.500000 148.000000
158 45.000000 118.500000
159 21.000000 119.000000
159 21.000000 146.500000
159 44.500000 148.000000
159 45.000000 118.500000
160 21.000000 119.000000
160 21.000000 146.500000
160 44.500000 148.000000
160 45.000000 118.500000
161 21.000000 119.000000
161 21.000000 146.500000
161 44.500000 148.000000
161 45.000000 118.500000
162 21.000000 119.000000
162 21.000000 146.500000
162 44.500000 148.000000
162 45.000000 118.500000
163 21.000000 119.000000
163 21.000000 146.500000
163 44.500000 148.000000
163 45.000000 118.500000
164 21.000000 119.000000
164 21.000000 147.000000
164 44.500000 148.000000
164 45.000000 118.500000
165 21.000000 119.000000
165 21.000000 147.000000
165 44.500000 148.000000
165 45.000000 118.500000
166 21.000000 119.000000
166 21.000000 147.000000
166 44.500000 148.000000
166 45.000000 118.500000
167 21.000000 119.000000
167 21.000000 146.500000
167 44.500000 148.000000
167 45.000000 118.500000
168 21.000000 119.000000
168 21.000000 146.500000
168 44.500000 148.000000
168 45.000000 118.500000
169 21.000000 119.000000
169 21.000000 147.000000
169 44.500000 148.000000
169 45.000000 118.500000
170 21.000000 119.000000
170 21.000000 146.500000
170 44.500000 148.000000
170 45.000000 118.500000
171 21.000000 119.000000
171 21.000000 147.000000
171 44.500000 148.000000
171 45.000000 118.500000
172 21.000000 119.000000
172 21.000000 147.000000
172 44.500000 148.000000
172 45.000000 118.500000
173 21.000000 119.000000
173 21.000000 146.500000
173 44.500000 148.000000
173 45.000000 118.500000
174 21.000000 119.000000
174 21.000000 146.500000
174 44.500000 148.000000
174 45.000000 118.500000
175 21.000000 119.000000
175 21.000000 146.500000
175 44.500000 148.000000
175 45.000000 118.500000
176 21.000000 119.000000
176 21.000000 147.000000
176 44.500000 148.000000
176 45.000000 118.500000
177 21.000000 119.000000
177 21.000000 147.000000
177 44.500000 148.000000
177 45.000000 118.500000
178 21.000000 119.000000
178 21.000000 146.500000
178 44.500000 148.000000
178 45.000000 118.500000
179 21.000000 119.000000
179 21.000000 146.500000
179 44.500000 148.000000
179 45.000000 118.500000
180 21.000000 119.000000
180 21.000000 146.500000
180 44.500000 148.000000
180 45.000000 118.500000
181 21.000000 119.000000
181 21.000000 147.000000
181 44.500000 148.000000
181 45.000000 118.500000
182 21.000000 119.000000
182 21.000000 146.500000
182 44.500000 148.000000
182 45.000000 118.500000
183 21.000000 119.000000
183 21.000000 147.000000
183 44.500000 148.000000
183 45.000000 118.500000
184 21.000000 119.000000
184 21.000000 147.000000
184 44.500000 148.000000
184 45.000000 118.500000
185 21.000000 119.000000
185 21.000000 147.000000
185 44.500000 148.000000
185 45.000000 118.500000
186 21.000000 119.000000
186 21.000000 146.500000
186 44.500000 148.000000
186 45.000000 118.500000
187 21.000000 119.000000
187 21.000000 147.000000
187 44.500000 148.000000
187 45.000000 118.500000
188 21.000000 119.000000
188 21.000000 146.500000
188 44.500000 148.000000
188 45.000000 118.500000
189 21.000000 119.000000
189 21.000000 146.500000
189 44.500000 148.000000
189 45.000000 118.500000
190 21.000000 119.000000
190 21.000000 146.500000
190 44.500000 148.000000
190 45.000000 118.500000
191 21.000000 119.000000
191 21.000000 146.500000
191 44.500000 148.000000
191 45.000000 118.500000
192 21.000000 119.000000
192 21.000000 146.500000
192 44.500000 148.000000
192 45.000000 118.500000
193 21.000000 119.000000
193 21.000000 146.500000
193 44.500000 148.000000
193 45.000000 118.500000
194 21.000000 119.000000
194 21.000000 146.500000
194 44.500000 148.000000
194 45.000000 118.500000
195 21.000000 119.000000
195 21.000000 146.500000
195 44.500000 148.000000
195 45.000000 118.500000
196 21.000000 119.000000
196 21.000000 147.000000
196 44.500000 148.000000
196 45.000000 118.500000
197 21.000000 119.000000
197 21.000000 147.000000
197 44.500000 148.000000
197 45.000000 118.500000
198 21.000000 119.000000
198 21.000000 147.000000
198 44.500000 148.000000
198 45.000000 118.500000
199 21.000000 119.000000
199 21.000000 146.500000
199 44.500000 148.000000
199 45.000000 118.500000
200 21.000000 119.000000
200 21.000000 147.000000
200 44.500000 148.000000
200 45.000000 118.500000
201 21.000000 119.000000
201 21.000000 146.500000
201 44.500000 148.000000
201 45.000000 118.500000
202 21.000000 119.000000
202 21.000000 146.500000
202 44.500000 148.000000
202 45.000000 118.500000
203 21.000000 119.000000
203 21.000000 147.000000
203 44.500000 148.000000
203 45.000000 118.500000
204 21.000000 119.000000
204 21.000000 146.500000
204 44.500000 148.000000
204 45.000000 118.500000
205 21.000000 119.000000
205 21.000000 146.500000
205 44.500000 148.000000
205 45.000000 118.500000
206 21.000000 119.000000
206 21.000000 147.000000
206 44.500000 148.000000
206 45.000000 118.500000
207 21.000000 119.000000
207 21.000000 146.500000
207 44.500000 148.000000
207 45.000000 118.500000
208 21.000000 119.000000
208 21.000000 147.000000
208 44.500000 148.000000
208 45.000000 118.500000
209 21.000000 119.000000
209 21.000000 147.000000
209 44.500000 148.000000
209 45.000000 118.500000
210 21.000000 119.000000
210 21.000000 147.000000
210 44.500000 148.000000
210 45.000000 118.500000
211 21.000000 119.000000
211 21.000000 147.000000
211 44.500000 148.000000
211 45.000000 118.500000
212 21.000000 119.000000
212 21.000000 146.500000
212 44.500000 148.000000
212 45.000000 118.500000
213 21.000000 119.000000
213 21.000000 147.000000
213 44.500000 148.000000
213 45.000000 118.500000
214 21.000000 119.000000
214 21.000000 147.000000
214 44.500000 148.000000
214 45.000000 118.500000
215 21.000000 119.000000
215 21.000000 146.500000
215 44.500000 148.000000
215 45.000000 118.500000
216 21.000000 119.000000
216 21.000000 146.500000
216 44.500000 148.000000
216 45.000000 118.500000
217 21.000000 119.000000
217 21.000000 147.000000
217 44.500000 148.000000
217 45.000000 118.500000
218 21.000000 119.000000
218 21.000000 147.000000
218 44.500000 148.000000
218 45.000000 118.500000
219 21.000000 119.000000
219 21.000000 146.500000
219 44.500000 148.000000
219 45.000000 118.500000
220 21.000000 119.000000
220 21.000000 146.500000
220 44.500000 148.000000
220 45.000000 118.500000
221 21.000000 119.000000
221 21.000000 146.500000
221 44.500000 148.000000
221 45.000000 118.500000
222 21.000000 119.000000
222 21.000000 147.000000
222 44.500000 148.000000
222 45.000000 118.500000
223 21.000000 119.000000
223 21.000000 146.500000
223 44.500000 148.000000
223 45.000000 118.500000
224 21.000000 119.000000
224 21.000000 146.500000
224 44.500000 148.000000
224 45.000000 118.500000
225 21.000000 119.000000
225 21.000000 147.000000
225 44.500000 148.000000
225 45.000000 118.500000
226 21.000000 119.000000
226 21.000000 146.500000
226 44.500000 148.000000
226 45.000000 118.500000
227 21.000000 119.000000
227 21.000000 146.500000
227 44.500000 148.000000
227 45.000000 118.500000
228 21.000000 119.000000
228 21.000000 147.000000
228 44.500000 148.000000
228 45.000000 118.500000
229 21.000000 119.000000
229 21.000000 146.500000
229 44.500000 148.000000
229 45.000000 118.500000
230 21.000000 119.000000
230 21.000000 147.000000
230 44.500000 148.000000
230 45.000000 118.500000
231 21.000000 119.000000
231 21.000000 146.500000
231 44.500000 148.000000
231 45.000000 118.500000
232 21.000000 119.000000
232 21.000000 147.000000
232 44.500000 148.000000
232 45.000000 118.500000
233 21.000000 119.000000
233 21.000000 146.500000
233 44.500000 148.000000
233 45.000000 118.500000
234 21.000000 119.000000
234 21.000000 147.000000
234 44.500000 148.000000
234 45.000000 118.500000
235 21.000000 119.000000
235 21.000000 146.500000
235 44.500000 148.000000
235 45.000000 118.500000
236 21.000000 119.000000
236 21.000000 147.000000
236 44.500000 148.000000
236 45.000000 118.500000
237 21.000000 119.000000
237 21.000000 147.000000
237 44.500000 148.000000
237 45.000000 118.500000
238 21.000000 119.000000
238 21.000000 146.500000
238 44.500000 148.000000
238 45.000000 118.500000
239 21.000000 119.000000
239 21.000000 146.500000
239 44.500000 148.000000
239 45.000000 118.500000
240 21.000000 119.000000
240 21.000000 147.000000
240 44.500000 148.000000
240 45.000000 118.500000
241 21.000000 119.000000
241 21.000000 146.500000
241 44.500000 148.000000
241 45.000000 118.500000
242 21.000000 119.000000
242 21.000000 146.500000
242 44.500000 148.000000
242 45.000000 118.500000
243 21.000000 119.000000
243 21.000000 146.500000
243 44.500000 148.000000
243 45.000000 118.500000
244 21.000000 119.000000
244 21.000000 147.000000
244 44.500000 148.000000
244 45.000000 118.500000
245 21.000000 119.000000
245 21.000000 147.000000
245 44.500000 148.000000
245 45.000000 118.500000
246 21.000000 119.000000
246 21.000000 146.500000
246 44.500000 148.000000
246 45.000000 118.500000
247 21.000000 119.000000
247 21.000000 147.000000
247 44.500000 148.000000
247 45.000000 118.500000
248 21.000000 119.000000
248 21.000000 147.000000
248 44.500000 148.000000
248 45.000000 118.500000
249 21.000000 119.000000
249 21.000000 147.000000
249 44.500000 148.000000
249 45.000000 118.500000
250 21.000000 119.000000
250 21.000000 147.000000
250 44.500000 148.000000
250 45.000000 118.500000
251 21.000000 119.000000
251 21.000000 146.500000
251 44.500000 148.000000
251 45.000000 118.500000
252 21.000000 119.000000
252 21.000000 146.500000
252 44.500000 148.000000
252 45.000000 118.500000
253 21.000000 119.000000
253 21.000000 146.500000
253 44.500000 148.000000
253 45.000000 118.500000
254 21.000000 119.000000
254 21.000000 147.000000
254 44.500000 148.000000
254 45.000000 118.500000
255 21.000000 119.000000
255 21.000000 146.500000
255 44.500000 148.000000
255 45.000000 118.500000
256 21.000000 119.000000
256 21.000000 147.000000
256 44.500000 148.000000
256 45.000000 118.500000
257 21.000000 119.000000
257 21.000000 146.500000
257 44.500000 148.000000
257 45.000000 118.500000
258 21.000000 119.000000
258 21.000000 146.500000
258 44.500000 148.000000
258 45.000000 118.500000
259 21.000000 119.000000
259 21.000000 146.500000
259 44.500000 148.000000
259 45.000000 118.500000
260 21.000000 119.000000
260 21.000000 147.000000
260 44.500000 148.000000
260 45.000000 118.500000
261 21.000000 119.000000
261 21.000000 146.500000
261 44.500000 148.000000
261 45.000000 118.500000
262 21.000000 119.000000
262 21.000000 146.500000
262 44.500000 148.000000
262 45.000000 118.500000
263 21.000000 119.000000
263 21.000000 147.000000
263 44.500000 148.000000
263 45.000000 118.500000
264 21.000000 119.000000
264 21.000000 147.000000
264 44.500000 148.000000
264 45.000000 118.500000
265 21.000000 119.000000
265 21.000000 147.000000
265 44.500000 148.000000
265 45.000000 118.500000
266 21.000000 119.000000
266 21.000000 146.500000
266 44.500000 148.000000
266 45.000000 118.500000
267 21.000000 119.000000
267 21.000000 146.500000
267 44.500000 148.000000
267 45.000000 118.500000
268 21.000000 119.000000
268 21.000000 147.000000
268 44.500000 148.000000
268 45.000000 118.500000
269 21.000000 119.000000
269 21.000000 146.500000
269 44.500000 148.000000
269 45.000000 118.500000
270 21.000000 119.000000
270 21.000000 147.000000
270 44.500000 148.000000
270 45.000000 118.500000
271 21.000000 119.000000
271 21.000000 147.000000
271 44.500000 148.000000
271 45.000000 118.500000
272 21.000000 119.000000
272 21.000000 146.500000
272 44.500000 148.000000
272 45.000000 118.500000
273 21.000000 119.000000
273 21.000000 146.500000
273 44.500000 148.000000
273 45.000000 118.500000
274 21.000000 119.000000
274 21.000000 147.000000
274 44.500000 148.000000
274 45.000000 118.500000
275 21.000000 119.000000
275 21.000000 147.000000
275 44.500000 148.000000
275 45.000000 118.500000
276 21.000000 119.000000
276 21.000000 147.000000
276 44.500000 148.000000
276 45.000000 118.500000
277 21.000000 119.000000
277 21.000000 146.500000
277 44.500000 148.000000
277 45.000000 118.500000
278 21.000000 119.000000
278 21.000000 146.500000
278 44.500000 148.000000
278 45.000000 118.500000
