0 0.000000 0.000000
0 81.000000 199.500000
0 95.000000 201.000000
0 108.000000 104.500000
1 80.500000 186.000000
1 81.000000 199.500000
1 95.000000 200.500000
1 94.500000 187.500000
2 80.500000 186.000000
2 81.000000 199.500000
2 95.000000 200.500000
2 94.500000 187.500000
3 80.500000 186.500000
3 81.000000 199.500000
3 95.000000 200.500000
3 94.500000 187.500000
4 80.500000 186.000000
4 81.000000 199.500000
4 95.500000 200.500000
4 94.500000 187.500000
5 80.500000 186.500000
5 81.000000 199.500000
5 95.000000 200.500000
5 94.500000 187.500000
6 80.500000 186.000000
6 81.000000 199.500000
6 95.000000 200.500000
6 94.500000 187.500000
7 80.500000 186.500000
7 81.000000 199.500000
7 95.000000 200.500000
7 94.500000 187.000000
8 80.500000 186.500000
8 81.000000 199.500000
8 95.000000 200.500000
8 94.500000 187.500000
9 80.500000 186.500000
9 81.000000 199.500000
9 95.000000 200.500000
9 94.500000 187.500000
10 80.500000 186.500000
10 81.000000 199.500000
10 95.000000 200.500000
10 94.500000 187.500000
11 80.500000 186.500000
11 81.000000 199.500000
11 95.000000 200.500000
11 94.500000 187.500000
12 80.500000 186.000000
12 81.000000 199.500000
12 95.000000 200.500000
12 94.500000 187.000000
13 80.500000 186.000000
13 81.500000 199.500000
13 95.000000 200.500000
13 94.500000 187.500000
14 80.500000 186.500000
14 81.000000 199.500000
14 95.000000 200.500000
14 94.500000 187.500000
15 80.500000 186.500000
15 81.000000 199.500000
15 95.000000 200.500000
15 94.500000 187.500000
16 80.500000 186.000000
16 81.000000 199.500000
16 95.000000 200.500000
16 94.500000 187.500000
17 80.500000 186.000000
17 81.500000 199.500000
17 95.000000 200.500000
17 94.500000 187.500000
18 80.500000 186.500000
18 81.000000 199.500000
18 95.000000 200.500000
18 94.500000 187.500000
19 80.500000 186.500000
19 81.000000 199.500000
19 95.000000 200.500000
19 94.500000 187.500000
20 80.500000 186.000000
20 81.000000 199.500000
20 95.000000 200.500000
20 94.500000 187.500000
21 80.500000 186.500000
21 81.000000 199.500000
21 95.000000 200.500000
21 94.500000 187.500000
22 80.500000 186.500000
22 81.000000 199.500000
22 95.000000 200.500000
22 94.500000 187.500000
23 80.500000 186.500000
23 81.000000 199.500000
23 95.000000 200.500000
23 94.500000 187.500000
24 80.500000 186.500000
24 81.000000 199.500000
24 95.000000 200.500000
24 94.500000 187.500000
25 80.500000 186.500000
25 81.000000 199.500000
25 95.000000 200.500000
25 94.500000 187.500000
26 80.500000 186.500000
26 81.000000 199.500000
26 95.000000 200.500000
26 94.500000 187.500000
27 80.500000 186.000000
27 81.000000 199.500000
27 95.000000 200.500000
27 94.500000 187.500000
28 80.500000 186.500000
28 81.000000 199.500000
28 95.000000 200.500000
28 94.500000 187.500000
29 80.500000 186.000000
29 81.000000 199.500000
29 95.000000 200.500000
29 94.500000 187.500000
30 80.500000 186.000000
30 81.000000 199.500000
30 95.000000 200.500000
30 94.500000 187.500000
31 80.500000 186.000000
31 81.000000 199.500000
31 95.000000 200.500000
31 94.500000 187.500000
32 80.500000 186.500000
32 81.000000 199.500000
32 95.000000 200.500000
32 94.500000 187.500000
33 80.500000 186.000000
33 81.000000 199.500000
33 95.000000 200.500000
33 94.500000 187.500000
34 80.500000 186.000000
34 81.000000 199.500000
34 95.000000 200.500000
34 94.500000 187.500000
35 80.500000 186.500000
35 81.000000 199.500000
35 95.000000 200.500000
35 94.500000 187.500000
36 80.500000 186.500000
36 81.000000 199.500000
36 95.000000 200.500000
36 94.500000 187.500000
37 80.500000 186.500000
37 81.000000 199.500000
37 95.500000 200.500000
37 94.500000 187.500000
38 80.500000 186.500000
38 81.000000 199.500000
38 95.000000 200.500000
38 94.500000 187.500000
39 80.500000 186.500000
39 81.000000 199.500000
39 95.000000 200.500000
39 94.500000 187.500000
40 80.500000 186.000000
40 81.000000 199.500000
40 95.000000 200.500000
40 94.500000 187.500000
41 80.500000 186.000000
41 81.000000 199.500000
41 95.000000 200.500000
41 94.500000 187.500000
42 80.500000 186.000000
42 81.000000 199.500000
42 95.000000 200.500000
42 94.500000 187.500000
43 80.500000 186.000000
43 81.000000 199.500000
43 95.000000 200.500000
43 94.500000 187.500000
44 80.500000 186.000000
44 81.000000 199.500000
44 95.000000 200.500000
44 94.500000 187.500000
45 80.500000 186.500000
45 81.000000 199.500000
45 95.000000 200.500000
45 94.500000 187.500000
46 80.500000 186.500000
46 81.000000 199.500000
46 95.000000 200.500000
46 94.500000 187.500000
47 80.500000 186.000000
47 81.000000 199.500000
47 95.000000 200.500000
47 94.500000 187.500000
48 80.500000 186.500000
48 81.000000 199.500000
48 95.000000 200.500000
48 94.500000 187.500000
49 80.500000 186.500000
49 81.000000 199.500000
49 95.000000 200.500000
49 94.500000 187.500000
50 80.500000 186.500000
50 81.000000 199.500000
50 95.000000 200.500000
50 94.500000 187.500000
51 80.500000 186.000000
51 81.500000 199.500000
51 95.000000 200.500000
51 94.500000 187.500000
52 80.500000 186.000000
52 81.000000 199.500000
52 95.000000 200.500000
52 94.500000 187.500000
53 80.500000 186.000000
53 81.000000 199.500000
53 95.000000 200.500000
53 94.500000 187.500000
54 80.500000 186.500000
54 81.000000 199.500000
54 95.000000 200.500000
54 94.500000 187.500000
55 80.500000 186.500000
55 81.000000 199.500000
55 95.000000 200.500000
55 94.500000 187.500000
56 80.500000 186.500000
56 81.000000 199.500000
56 95.500000 200.500000
56 94.500000 187.500000
57 80.500000 186.500000
57 81.000000 199.500000
57 95.000000 200.500000
57 94.500000 187.500000
58 80.500000 186.500000
58 81.000000 199.500000
58 95.000000 200.500000
58 94.500000 187.500000
59 80.500000 186.500000
59 81.000000 199.500000
59 95.000000 200.500000
59 94.500000 187.000000
60 80.500000 186.000000
60 81.000000 199.500000
60 95.000000 200.500000
60 94.500000 187.500000
61 80.500000 186.000000
61 81.000000 199.500000
61 95.000000 200.500000
61 94.500000 187.500000
62 80.500000 186.500000
62 81.000000 199.500000
62 95.000000 200.500000
62 94.500000 187.500000
63 80.500000 186.000000
63 81.500000 199.500000
63 95.000000 200.500000
63 94.500000 187.500000
64 80.500000 186.500000
64 81.000000 199.500000
64 95.000000 200.500000
64 94.500000 187.500000
65 80.500000 186.000000
65 81.000000 199.500000
65 95.000000 200.500000
65 94.500000 187.500000
66 80.500000 186.500000
66 81.000000 199.500000
66 95.000000 200.500000
66 94.500000 187.500000
67 80.500000 186.500000
67 81.000000 199.500000
67 95.000000 200.500000
67 94.500000 187.500000
68 80.500000 186.500000
68 81.000000 199.500000
68 95.000000 200.500000
68 94.500000 187.500000
69 80.500000 186.500000
69 81.000000 199.500000
69 95.000000 200.500000
69 94.500000 187.500000
70 80.500000 186.000000
70 81.000000 199.500000
70 95.000000 200.500000
70 94.500000 187.500000
71 80.500000 186.500000
71 81.000000 199.500000
71 95.000000 200.500000
71 94.500000 187.500000
72 80.500000 186.500000
72 81.000000 199.500000
72 95.000000 200.500000
72 94.500000 187.500000
73 80.500000 186.000000
73 81.000000 199.500000
73 95.000000 200.500000
73 94.500000 187.500000
74 80.500000 186.000000
74 81.000000 199.500000
74 95.000000 200.500000
74 94.500000 187.500000
75 80.500000 186.500000
75 81.000000 199.500000
75 95.000000 200.500000
75 94.500000 187.500000
76 80.500000 186.000000
76 81.000000 199.500000
76 95.000000 200.500000
76 94.500000 187.500000
77 80.500000 186.500000
77 81.000000 199.500000
77 95.500000 200.500000
77 94.500000 187.500000
78 80.500000 186.500000
78 81.000000 199.500000
78 95.000000 200.500000
78 94.500000 187.500000
79 80.500000 186.000000
79 81.000000 199.500000
79 95.000000 200.500000
79 94.500000 187.500000
80 80.500000 186.000000
80 81.000000 199.500000
80 95.000000 200.500000
80 94.500000 187.500000
81 80.500000 186.000000
81 81.000000 199.500000
81 95.000000 200.500000
81 94.500000 187.500000
82 80.500000 186.000000
82 81.000000 199.500000
82 95.000000 200.500000
82 94.500000 187.500000
83 80.500000 186.500000
83 81.000000 199.500000
83 95.000000 200.500000
83 94.500000 187.500000
84 80.500000 186.000000
84 81.000000 199.500000
84 95.000000 200.500000
84 94.500000 187.500000
85 80.500000 186.500000
85 81.000000 199.500000
85 95.000000 200.500000
85 94.500000 187.500000
86 80.500000 186.000000
86 81.000000 199.500000
86 95.000000 200.500000
86 94.500000 187.500000
87 80.500000 186.000000
87 81.000000 199.500000
87 95.000000 200.500000
87 94.500000 187.500000
88 80.500000 186.000000
88 81.000000 199.500000
88 95.500000 200.500000
88 94.500000 187.500000
89 80.500000 186.500000
89 81.000000 199.500000
89 95.000000 200.500000
89 94.500000 187.500000
90 80.500000 186.500000
90 81.000000 199.500000
90 95.000000 200.500000
90 94.500000 187.500000
91 80.500000 186.500000
91 81.000000 199.500000
91 95.000000 200.500000
91 94.500000 187.500000
92 80.500000 186.000000
92 81.000000 199.500000
92 95.000000 200.500000
92 94.500000 187.500000
93 80.500000 186.500000
93 81.000000 199.500000
93 95.500000 200.500000
93 94.500000 187.500000
94 80.500000 186.500000
94 81.000000 199.500000
94 95.000000 200.500000
94 94.500000 187.500000
95 80.500000 186.000000
95 81.000000 199.500000
95 95.500000 200.500000
95 94.500000 187.500000
96 80.500000 186.500000
96 81.000000 199.500000
96 95.000000 200.500000
96 94.500000 187.500000
97 80.500000 186.500000
97 81.000000 199.500000
97 95.000000 200.500000
97 94.500000 187.500000
98 80.500000 186.000000
98 81.000000 199.500000
98 95.000000 200.500000
98 94.500000 187.500000
99 80.500000 186.500000
99 81.000000 199.500000
99 95.500000 200.500000
99 94.500000 187.500000
100 80.500000 186.500000
100 81.000000 199.500000
100 95.000000 200.500000
100 94.500000 187.500000
101 80.500000 186.500000
101 81.000000 199.500000
101 95.000000 200.500000
101 94.500000 187.500000
102 80.500000 186.000000
102 81.000000 199.500000
102 95.000000 200.500000
102 94.500000 187.500000
103 80.500000 186.000000
103 81.000000 199.500000
103 95.000000 200.500000
103 94.500000 187.500000
104 80.500000 186.500000
104 81.000000 199.500000
104 95.000000 200.500000
104 94.500000 187.500000
105 80.500000 186.000000
105 81.000000 199.500000
105 95.000000 200.500000
105 94.500000 187.500000
106 80.500000 186.500000
106 81.000000 199.500000
106 95.000000 200.500000
106 94.500000 187.500000
107 80.500000 186.000000
107 81.000000 199.500000
107 95.000000 200.500000
107 94.500000 187.500000
108 80.500000 186.000000
108 81.000000 199.500000
108 95.000000 200.500000
108 94.500000 187.500000
109 80.500000 186.000000
109 81.000000 199.500000
109 95.000000 200.500000
109 94.500000 187.500000
110 80.500000 186.500000
110 81.000000 199.500000
110 95.000000 200.500000
110 94.500000 187.500000
111 80.500000 186.500000
111 81.000000 199.500000
111 95.500000 200.500000
111 94.500000 187.500000
112 80.500000 186.000000
112 81.000000 199.500000
112 95.000000 200.500000
112 94.500000 187.500000
113 80.500000 186.500000
113 81.000000 199.500000
113 95.000000 200.500000
113 94.500000 187.500000
114 80.500000 186.500000
114 81.000000 199.500000
114 95.000000 200.500000
114 94.500000 187.500000
115 80.500000 186.500000
115 81.000000 199.500000
115 95.000000 200.500000
115 94.500000 187.500000
116 80.500000 186.500000
116 81.000000 199.500000
116 95.000000 200.500000
116 94.500000 187.500000
117 80.500000 186.500000
117 81.000000 199.500000
117 95.000000 200.500000
117 94.500000 187.000000
118 80.500000 186.500000
118 81.000000 199.500000
118 95.000000 200.500000
118 94.500000 187.500000
119 80.500000 186.500000
119 81.500000 199.500000
119 95.000000 200.500000
119 94.500000 187.500000
120 80.500000 186.000000
120 81.000000 199.500000
120 95.000000 200.500000
120 94.500000 187.500000
121 80.500000 186.500000
121 81.000000 199.500000
121 95.000000 200.500000
121 94.500000 187.500000
122 80.500000 186.500000
122 81.000000 199.500000
122 95.500000 200.500000
122 94.500000 187.500000
123 80.500000 186.500000
123 81.500000 199.500000
123 95.000000 200.500000
123 94.500000 187.500000
124 80.500000 186.500000
124 81.000000 199.500000
124 95.000000 200.500000
124 94.500000 187.500000
125 80.500000 186.500000
125 81.000000 199.500000
125 95.000000 200.500000
125 94.500000 187.500000
126 80.500000 186.500000
126 81.500000 199.500000
126 95.000000 200.500000
126 94.500000 187.500000
127 80.500000 186.500000
127 81.000000 199.500000
127 95.000000 200.500000
127 94.500000 187.500000
128 80.500000 186.500000
128 81.000000 199.500000
128 95.000000 200.500000
128 94.500000 187.500000
129 80.500000 186.500000
129 81.000000 199.500000
129 95.000000 200.500000
129 94.500000 187.500000
130 80.500000 186.500000
130 81.000000 199.500000
130 95.500000 200.500000
130 94.500000 187.500000
131 80.500000 186.500000
131 81.000000 199.500000
131 95.000000 200.500000
131 94.500000 187.500000
132 80.500000 186.000000
132 81.000000 199.500000
132 95.500000 200.500000
132 94.500000 187.500000
133 80.500000 186.500000
133 81.000000 199.500000
133 95.000000 200.500000
133 94.500000 187.500000
134 80.500000 186.500000
134 81.000000 199.500000
134 95.500000 201.000000
134 94.500000 187.500000
135 80.500000 186.000000
135 81.000000 199.500000
135 95.500000 200.500000
135 94.500000 187.500000
136 80.500000 186.000000
136 81.000000 199.500000
136 95.500000 200.500000
136 94.500000 187.500000
137 80.500000 186.500000
137 81.000000 199.500000
137 95.000000 200.500000
137 94.500000 187.500000
138 80.500000 186.500000
138 81.000000 199.500000
138 95.000000 200.500000
138 94.500000 187.500000
139 80.500000 186.500000
139 81.000000 199.500000
139 95.000000 200.500000
139 94.500000 187.500000
140 80.500000 186.500000
140 81.000000 199.500000
140 95.500000 200.500000
140 94.500000 187.500000
141 80.500000 186.500000
141 81.000000 199.500000
141 95.000000 200.500000
141 94.500000 187.500000
142 80.500000 186.500000
142 81.000000 199.500000
142 95.000000 200.500000
142 94.500000 187.500000
143 80.500000 186.500000
143 81.000000 199.500000
143 95.000000 200.500000
143 94.500000 187.500000
144 80.500000 186.000000
144 81.000000 199.500000
144 95.000000 200.500000
144 94.500000 187.500000
145 80.500000 186.500000
145 81.500000 199.500000
145 95.000000 200.500000
145 94.500000 187.500000
146 80.500000 186.500000
146 81.000000 199.500000
146 95.000000 200.500000
146 94.500000 187.500000
147 80.500000 186.000000
147 81.000000 199.500000
147 95.000000 200.500000
147 94.500000 187.500000
148 80.500000 186.500000
148 81.000000 199.500000
148 95.000000 200.500000
148 94.500000 187.500000
149 80.500000 186.500000
149 81.000000 199.500000
149 95.500000 200.500000
149 94.500000 187.500000
150 80.500000 186.500000
150 81.000000 199.500000
150 95.000000 200.500000
150 94.500000 187.500000
151 80.500000 186.500000
151 81.000000 199.500000
151 95.500000 200.500000
151 94.500000 187.500000
152 80.500000 186.500000
152 81.000000 199.500000
152 95.000000 200.500000
152 94.500000 187.500000
153 80.500000 186.000000
153 81.000000 199.500000
153 95.000000 200.500000
153 94.500000 187.500000
154 80.500000 186.500000
154 81.000000 199.500000
154 95.000000 200.500000
154 94.500000 187.500000
155 80.500000 186.000000
155 81.000000 199.500000
155 95.000000 200.500000
155 94.500000 187.500000
156 80.500000 186.500000
156 81.000000 199.500000
156 95.000000 200.500000
156 94.500000 187.500000
157 80.500000 186.000000
157 81.000000 199.500000
157 95.000000 200.500000
157 94.500000 187.500000
158 80.500000 186.500000
158 81.000000 199.500000
158 95.000000 200.500000
158 94.500000 187.500000
159 80.500000 186.500000
159 81.000000 199.500000
159 95.000000 200.500000
159 94.500000 187.500000
160 80.500000 186.500000
160 81.000000 199.500000
160 95.000000 200.500000
160 94.500000 187.500000
161 80.500000 186.500000
161 81.500000 199.500000
161 95.000000 200.500000
161 94.500000 187.500000
162 80.500000 186.500000
162 81.000000 199.500000
162 95.000000 200.500000
162 94.500000 187.500000
163 80.500000 186.500000
163 81.000000 199.500000
163 95.000000 200.500000
163 94.500000 187.500000
164 80.500000 186.500000
164 81.000000 199.500000
164 95.500000 200.500000
164 94.500000 187.500000
165 80.500000 186.500000
165 81.000000 199.500000
165 95.000000 200.500000
165 94.500000 187.500000
166 80.500000 186.500000
166 81.000000 199.500000
166 95.000000 200.500000
166 94.500000 187.500000
167 80.500000 186.000000
167 81.000000 199.500000
167 95.000000 200.500000
167 94.500000 187.500000
168 80.500000 186.000000
168 81.000000 199.500000
168 95.000000 200.500000
168 94.500000 187.500000
169 80.500000 186.500000
169 81.000000 199.500000
169 95.000000 200.500000
169 94.500000 187.500000
170 80.500000 186.500000
170 81.000000 199.500000
170 95.000000 200.500000
170 94.500000 187.500000
171 80.500000 186.500000
171 81.000000 199.500000
171 95.000000 200.500000
171 94.500000 187.500000
172 80.500000 186.000000
172 81.000000 199.500000
172 95.000000 200.500000
172 94.500000 187.500000
173 80.500000 186.500000
173 81.000000 199.500000
173 95.000000 200.500000
173 94.500000 187.500000
174 80.500000 186.500000
174 81.000000 199.500000
174 95.500000 200.500000
174 94.500000 187.500000
175 80.500000 186.500000
175 81.000000 199.500000
175 95.000000 200.500000
175 94.500000 187.500000
176 80.500000 186.500000
176 81.000000 199.500000
176 95.000000 200.500000
176 94.500000 187.000000
177 80.500000 186.500000
177 81.000000 199.500000
177 95.000000 200.500000
177 94.500000 187.500000
178 80.500000 186.000000
178 81.000000 199.500000
178 95.000000 200.500000
178 94.500000 187.500000
179 80.500000 186.000000
179 81.000000 199.500000
179 95.000000 200.500000
179 94.500000 187.500000
180 80.500000 186.000000
180 81.000000 199.500000
180 95.000000 200.500000
180 94.500000 187.500000
181 80.500000 186.500000
181 81.500000 199.500000
181 95.000000 200.500000
181 94.500000 187.500000
182 80.500000 186.500000
182 81.000000 199.500000
182 95.000000 200.500000
182 94.500000 187.500000
183 80.500000 186.500000
183 81.000000 199.500000
183 95.500000 200.500000
183 94.500000 187.500000
184 80.500000 186.000000
184 81.000000 199.500000
184 95.000000 201.000000
184 94.500000 187.500000
185 80.500000 186.500000
185 81.000000 199.500000
185 95.000000 200.500000
185 94.500000 187.500000
186 80.500000 186.000000
186 81.000000 199.500000
186 95.000000 200.500000
186 94.500000 187.500000
187 80.500000 186.500000
187 81.000000 199.500000
187 95.000000 200.500000
187 94.500000 187.500000
188 80.500000 186.500000
188 81.000000 199.500000
188 95.500000 200.500000
188 94.500000 187.500000
189 80.500000 186.000000
189 81.000000 199.500000
189 95.000000 200.500000
189 94.500000 187.500000
190 80.500000 186.000000
190 81.000000 199.500000
190 95.000000 200.500000
190 94.500000 187.500000
191 80.500000 186.000000
191 81.000000 199.500000
191 95.000000 200.500000
191 94.500000 187.500000
192 80.500000 186.500000
192 81.000000 199.500000
192 95.000000 200.500000
192 94.500000 187.500000
193 80.500000 186.000000
193 81.000000 199.500000
193 95.000000 200.500000
193 94.500000 187.500000
194 80.500000 186.500000
194 81.000000 199.500000
194 95.000000 200.500000
194 94.500000 187.500000
195 80.500000 186.000000
195 81.000000 199.500000
195 95.000000 200.500000
195 94.500000 187.500000
196 80.500000 186.500000
196 81.000000 199.500000
196 95.500000 200.500000
196 94.500000 187.500000
197 80.500000 186.500000
197 81.000000 199.500000
197 95.000000 200.500000
197 94.500000 187.500000
198 80.500000 186.000000
198 81.000000 199.500000
198 95.000000 200.500000
198 94.500000 187.500000
199 80.500000 186.000000
199 81.000000 199.500000
199 95.000000 200.500000
199 94.500000 187.500000
200 80.500000 186.500000
200 81.000000 199.500000
200 95.000000 200.500000
200 94.500000 187.500000
201 80.500000 186.000000
201 81.000000 199.500000
201 95.000000 200.500000
201 94.500000 187.500000
202 80.500000 186.000000
202 81.000000 199.500000
202 95.000000 200.500000
202 94.500000 187.500000
203 80.500000 186.500000
203 81.000000 199.500000
203 95.000000 200.500000
203 94.500000 187.500000
204 80.500000 186.500000
204 81.000000 199.500000
204 95.000000 200.500000
204 94.500000 187.500000
205 80.500000 186.500000
205 81.000000 199.500000
205 95.500000 200.500000
205 94.500000 187.500000
206 80.500000 186.000000
206 81.000000 199.500000
206 95.000000 200.500000
206 94.500000 187.500000
207 80.500000 186.000000
207 81.000000 199.500000
207 95.000000 200.500000
207 94.500000 187.500000
208 80.500000 186.500000
208 81.000000 199.500000
208 95.500000 200.500000
208 94.500000 187.500000
209 80.500000 186.500000
209 81.000000 199.500000
209 95.000000 200.500000
209 94.500000 187.500000
210 80.500000 186.500000
210 81.000000 199.500000
210 95.000000 200.500000
210 94.500000 187.500000
211 80.500000 186.500000
211 81.000000 199.500000
211 95.000000 200.500000
211 94.500000 187.500000
212 80.500000 186.500000
212 81.000000 199.500000
212 95.500000 200.500000
212 94.500000 187.500000
213 80.500000 186.000000
213 81.000000 199.500000
213 95.000000 200.500000
213 94.500000 187.500000
214 80.500000 186.000000
214 81.000000 199.500000
214 95.000000 200.500000
214 94.500000 187.500000
215 80.500000 186.500000
215 81.000000 199.500000
215 95.000000 200.500000
215 94.500000 187.500000
216 80.500000 186.500000
216 81.000000 199.500000
216 95.000000 200.500000
216 94.500000 187.500000
217 80.500000 186.000000
217 81.000000 199.500000
217 95.000000 200.500000
217 94.500000 187.500000
218 80.500000 186.500000
218 81.000000 199.500000
218 95.000000 200.500000
218 94.500000 187.500000
219 80.500000 186.500000
219 81.000000 199.500000
219 95.000000 200.500000
219 94.500000 187.500000
220 80.500000 186.500000
220 81.000000 199.500000
220 95.000000 200.500000
220 94.500000 187.500000
221 80.500000 186.000000
221 81.000000 199.500000
221 95.000000 200.500000
221 94.500000 187.500000
222 80.500000 186.000000
222 81.000000 199.500000
222 95.000000 200.500000
222 94.500000 187.500000
223 80.500000 186.500000
223 81.000000 199.500000
223 95.000000 200.500000
223 94.500000 187.500000
224 80.500000 186.500000
224 81.000000 199.500000
224 95.000000 200.500000
224 94.500000 187.500000
225 80.500000 186.500000
225 81.000000 199.500000
225 95.000000 200.500000
225 94.500000 187.500000
226 80.500000 186.500000
226 81.000000 199.500000
226 95.000000 200.500000
226 94.500000 187.500000
227 80.500000 186.500000
227 81.000000 199.500000
227 95.000000 200.500000
227 94.500000 187.500000
228 80.500000 186.000000
228 81.000000 199.500000
228 95.000000 200.500000
228 94.500000 187.500000
229 80.500000 186.000000
229 81.000000 199.500000
229 95.000000 200.500000
229 94.500000 187.500000
230 80.500000 186.500000
230 81.000000 199.500000
230 95.000000 200.500000
230 94.500000 187.500000
231 80.500000 186.000000
231 81.000000 199.500000
231 95.000000 200.500000
231 94.500000 187.500000
232 80.500000 186.000000
232 81.000000 199.500000
232 95.000000 200.500000
232 94.500000 187.500000
233 80.500000 186.500000
233 81.000000 199.500000
233 95.000000 200.500000
233 94.500000 187.500000
234 80.500000 186.500000
234 81.000000 199.500000
234 95.000000 200.500000
234 94.500000 187.500000
235 80.500000 186.500000
235 81.000000 199.500000
235 95.000000 200.500000
235 94.500000 187.500000
236 80.500000 186.500000
236 81.000000 199.500000
236 95.000000 200.500000
236 94.500000 187.500000
237 80.500000 186.500000
237 81.000000 199.500000
237 95.000000 200.500000
237 94.500000 187.500000
238 80.500000 186.000000
238 81.000000 199.500000
238 95.000000 200.500000
238 94.500000 187.500000
239 80.500000 186.000000
239 81.000000 199.500000
239 95.000000 200.500000
239 94.500000 187.500000
240 80.500000 186.500000
240 81.000000 199.500000
240 95.000000 200.500000
240 94.500000 187.500000
241 80.500000 186.000000
241 81.500000 199.500000
241 95.000000 200.500000
241 94.500000 187.500000
242 80.500000 186.500000
242 81.000000 199.500000
242 95.000000 200.500000
242 94.500000 187.500000
243 80.500000 186.000000
243 81.000000 199.500000
243 95.500000 200.500000
243 94.500000 187.500000
244 80.500000 186.000000
244 81.000000 199.500000
244 95.000000 200.500000
244 94.500000 187.500000
245 80.500000 186.500000
245 81.000000 199.500000
245 95.000000 200.500000
245 94.500000 187.500000
246 80.500000 186.000000
246 81.000000 199.500000
246 95.000000 200.500000
246 94.500000 187.500000
247 80.500000 186.500000
247 81.000000 199.500000
247 95.000000 200.500000
247 94.500000 187.500000
248 80.500000 186.000000
248 81.000000 199.500000
248 95.000000 200.500000
248 94.500000 187.500000
249 80.500000 186.500000
249 81.000000 199.500000
249 95.000000 200.500000
249 94.500000 187.500000
250 80.500000 186.000000
250 81.000000 199.500000
250 95.500000 200.500000
250 94.500000 187.000000
251 80.500000 186.500000
251 81.000000 199.500000
251 95.000000 200.500000
251 94.500000 187.500000
252 80.500000 186.500000
252 81.000000 199.500000
252 95.000000 200.500000
252 94.500000 187.500000
253 80.500000 186.500000
253 81.000000 199.500000
253 95.000000 200.500000
253 94.500000 187.500000
254 80.500000 186.500000
254 81.000000 199.500000
254 95.000000 200.500000
254 94.500000 187.500000
255 80.500000 186.000000
255 81.000000 199.500000
255 95.500000 200.500000
255 94.500000 187.000000
256 80.500000 186.500000
256 81.000000 199.500000
256 95.000000 200.500000
256 94.500000 187.500000
257 80.500000 186.500000
257 81.000000 199.500000
257 95.000000 200.500000
257 94.500000 187.500000
258 80.500000 186.000000
258 81.000000 199.500000
258 95.500000 200.500000
258 94.500000 187.500000
259 80.500000 186.000000
259 81.000000 199.500000
259 95.000000 200.500000
259 94.500000 187.500000
260 80.500000 186.500000
260 81.000000 199.500000
260 95.000000 200.500000
260 94.500000 187.500000
261 80.500000 186.500000
261 81.000000 199.500000
261 95.000000 200.500000
261 94.500000 187.500000
262 80.500000 186.500000
262 81.000000 199.500000
262 95.000000 200.500000
262 94.500000 187.500000
263 80.500000 186.000000
263 81.000000 199.500000
263 95.000000 200.500000
263 94.500000 187.500000
264 80.500000 186.000000
264 81.000000 199.500000
264 95.000000 200.500000
264 94.500000 187.500000
265 80.500000 186.000000
265 81.000000 199.500000
265 95.000000 200.500000
265 94.500000 187.500000
266 80.500000 186.000000
266 81.000000 199.500000
266 95.000000 200.500000
266 94.500000 187.500000
267 80.500000 186.500000
267 81.000000 199.500000
267 95.500000 200.500000
267 94.500000 187.500000
268 80.500000 186.500000
268 81.500000 199.500000
268 95.500000 200.500000
268 94.500000 187.500000
269 80.500000 186.500000
269 81.000000 199.500000
269 95.000000 200.500000
269 94.500000 187.500000
270 80.500000 186.500000
270 81.000000 199.500000
270 95.000000 200.500000
270 94.500000 187.500000
271 80.500000 186.000000
271 81.000000 199.500000
271 95.000000 200.500000
271 94.500000 187.500000
272 80.500000 186.500000
272 81.000000 199.500000
272 95.000000 200.500000
272 94.500000 187.500000
273 80.500000 186.500000
273 81.000000 199.500000
273 95.000000 200.500000
273 94.500000 187.500000
274 80.500000 186.500000
274 81.000000 199.500000
274 95.000000 200.500000
274 94.500000 187.500000
275 80.500000 186.000000
275 81.000000 199.500000
275 95.000000 200.500000
275 94.500000 187.500000
276 80.500000 186.000000
276 81.000000 199.500000
276 95.000000 200.500000
276 94.500000 187.500000
277 80.500000 186.500000
277 81.000000 199.500000
277 95.000000 200.500000
277 94.500000 187.500000
278 80.500000 186.500000
278 81.000000 199.500000
278 95.000000 200.500000
278 94.500000 187.500000
279 80.500000 186.500000
279 81.000000 199.500000
279 95.000000 200.500000
279 94.500000 187.500000
280 80.500000 186.500000
280 81.000000 199.500000
280 95.000000 200.500000
280 94.500000 187.500000
281 80.500000 186.500000
281 81.000000 199.500000
281 95.000000 200.500000
281 94.500000 187.500000
282 80.500000 186.500000
282 81.000000 199.500000
282 95.000000 200.500000
282 94.500000 187.500000
283 80.500000 186.500000
283 81.000000 199.500000
283 95.000000 200.500000
283 94.500000 187.500000
284 80.500000 186.500000
284 81.000000 199.500000
284 95.000000 200.500000
284 94.500000 187.500000
285 80.500000 186.500000
285 81.000000 199.500000
285 95.500000 200.500000
285 94.500000 187.500000
286 80.500000 186.000000
286 81.000000 199.500000
286 95.000000 200.500000
286 94.500000 187.000000
287 80.500000 186.000000
287 81.000000 199.500000
287 95.000000 200.500000
287 94.500000 187.500000
288 80.500000 186.500000
288 81.000000 199.500000
288 95.500000 200.500000
288 94.500000 187.500000
289 80.500000 186.500000
289 81.000000 199.500000
289 95.000000 200.500000
289 94.500000 187.500000
290 80.500000 186.000000
290 81.000000 199.500000
290 95.000000 200.500000
290 94.500000 187.500000
291 80.500000 186.000000
291 81.000000 199.500000
291 95.000000 200.500000
291 94.500000 187.500000
292 80.500000 186.500000
292 81.000000 199.500000
292 95.000000 200.500000
292 94.500000 187.500000
293 80.500000 186.500000
293 81.000000 199.500000
293 95.000000 200.500000
293 94.500000 187.500000
294 80.500000 186.500000
294 81.000000 199.500000
294 95.000000 200.500000
294 94.500000 187.500000
295 80.500000 186.500000
295 81.000000 199.500000
295 95.000000 200.500000
295 94.500000 187.500000
296 80.500000 186.000000
296 81.000000 199.500000
296 95.000000 200.500000
296 94.500000 187.500000
297 80.500000 186.000000
297 81.500000 199.500000
297 95.000000 200.500000
297 94.500000 187.000000
298 80.500000 186.500000
298 81.500000 199.500000
298 95.000000 200.500000
298 94.500000 187.000000
299 80.500000 186.000000
299 81.000000 199.500000
299 95.000000 200.500000
299 94.500000 187.500000
300 80.500000 186.500000
300 81.000000 199.500000
300 95.000000 200.500000
300 94.500000 187.500000
301 80.500000 186.500000
301 81.000000 199.500000
301 95.000000 200.500000
301 94.500000 187.500000
302 80.500000 186.000000
302 81.000000 199.500000
302 95.000000 200.500000
302 94.500000 187.500000
303 80.500000 186.500000
303 81.000000 199.500000
303 95.000000 200.500000
303 94.500000 187.500000
304 80.500000 186.000000
304 81.000000 199.500000
304 95.000000 200.500000
304 94.500000 187.500000
305 80.500000 186.500000
305 81.000000 199.500000
305 95.000000 200.500000
305 94.500000 187.500000
306 80.500000 186.500000
306 81.000000 199.500000
306 95.000000 200.500000
306 94.500000 187.500000
307 80.500000 186.500000
307 81.000000 199.500000
307 95.000000 200.500000
307 94.500000 187.500000
308 80.500000 186.500000
308 81.000000 199.500000
308 95.000000 200.500000
308 94.500000 187.500000
309 80.500000 186.500000
309 81.000000 199.500000
309 95.000000 200.500000
309 94.500000 187.500000
310 80.500000 186.000000
310 81.000000 199.500000
310 95.000000 200.500000
310 94.500000 187.500000
311 80.500000 186.500000
311 81.000000 199.500000
311 95.000000 200.500000
311 94.500000 187.500000
312 80.500000 186.500000
312 81.000000 199.500000
312 95.000000 200.500000
312 94.500000 187.500000
313 80.500000 186.500000
313 81.000000 199.500000
313 95.000000 200.500000
313 94.500000 187.500000
314 80.500000 186.500000
314 81.000000 199.500000
314 95.000000 200.500000
314 94.500000 187.500000
315 80.500000 186.500000
315 81.000000 199.500000
315 95.000000 200.500000
315 94.500000 187.500000
316 80.500000 186.500000
316 81.000000 199.500000
316 95.000000 200.500000
316 94.500000 187.500000
317 80.500000 186.000000
317 81.000000 199.500000
317 95.500000 200.500000
317 94.500000 187.500000
318 80.500000 186.500000
318 81.000000 199.500000
318 95.000000 200.500000
318 94.500000 187.000000
319 80.500000 186.500000
319 81.000000 199.500000
319 95.000000 200.500000
319 94.500000 187.500000
320 80.500000 186.500000
320 81.000000 199.500000
320 95.500000 200.500000
320 94.500000 187.500000
321 80.500000 186.500000
321 81.000000 199.500000
321 95.000000 200.500000
321 94.500000 187.500000
322 80.500000 186.500000
322 81.000000 199.500000
322 95.000000 200.500000
322 94.500000 187.500000
323 80.500000 186.500000
323 81.000000 199.500000
323 95.000000 200.500000
323 94.500000 187.500000
324 80.500000 186.500000
324 81.000000 199.500000
324 95.000000 200.500000
324 94.500000 187.500000
325 80.500000 186.500000
325 81.000000 199.500000
325 95.000000 200.500000
325 94.500000 187.500000
326 80.500000 186.000000
326 81.000000 199.500000
326 95.000000 200.500000
326 94.500000 187.500000
327 80.500000 186.000000
327 81.000000 199.500000
327 95.000000 200.500000
327 94.500000 187.500000
328 80.500000 186.500000
328 81.500000 199.500000
328 95.000000 200.500000
328 94.500000 187.500000
329 80.500000 186.000000
329 81.000000 199.500000
329 95.000000 200.500000
329 94.500000 187.500000
330 80.500000 186.500000
330 81.000000 199.500000
330 95.000000 200.500000
330 94.500000 187.500000
331 80.500000 186.500000
331 81.000000 199.500000
331 95.000000 200.500000
331 94.500000 187.500000
332 80.500000 186.500000
332 81.000000 199.500000
332 95.000000 200.500000
332 94.500000 187.500000
333 80.500000 186.000000
333 81.000000 199.500000
333 95.000000 200.500000
333 94.500000 187.500000
334 80.500000 186.500000
334 81.000000 199.500000
334 95.000000 200.500000
334 94.500000 187.500000
335 80.500000 186.000000
335 81.000000 199.500000
335 95.000000 200.500000
335 94.500000 187.500000
336 80.500000 186.500000
336 81.000000 199.500000
336 95.000000 200.500000
336 94.500000 187.500000
337 80.500000 186.500000
337 81.500000 199.500000
337 95.000000 200.500000
337 94.500000 187.000000
338 80.500000 186.000000
338 81.000000 199.500000
338 95.000000 200.500000
338 94.500000 187.000000
339 80.500000 185.500000
339 81.000000 199.500000
339 95.000000 200.500000
339 94.500000 187.500000
340 80.500000 186.000000
340 81.000000 199.500000
340 95.000000 200.500000
340 94.500000 187.500000
341 80.500000 186.500000
341 81.500000 199.500000
341 95.000000 200.500000
341 94.500000 187.500000
342 80.500000 186.500000
342 81.000000 199.500000
342 95.000000 200.500000
342 94.500000 187.500000
343 80.500000 186.000000
343 81.000000 199.500000
343 95.500000 200.500000
343 94.500000 187.500000
344 80.500000 186.500000
344 81.000000 199.500000
344 95.000000 200.500000
344 94.500000 187.500000
345 80.500000 186.500000
345 81.000000 199.500000
345 95.500000 200.500000
345 94.500000 187.500000
346 80.500000 186.000000
346 81.000000 199.500000
346 95.000000 200.500000
346 94.500000 187.500000
347 80.500000 186.000000
347 81.000000 199.500000
347 95.000000 200.500000
347 94.500000 187.500000
348 80.500000 186.500000
348 81.000000 199.500000
348 95.000000 200.500000
348 94.500000 187.500000
349 80.500000 186.500000
349 81.000000 199.500000
349 95.000000 200.500000
349 94.500000 187.500000
350 80.500000 186.500000
350 81.000000 199.500000
350 95.000000 200.500000
350 94.500000 187.500000
351 80.500000 186.500000
351 81.000000 199.500000
351 95.000000 200.500000
351 94.500000 187.500000
352 80.500000 186.500000
352 81.000000 199.500000
352 95.000000 200.500000
352 94.500000 187.000000
353 80.500000 186.000000
353 81.000000 199.500000
353 95.000000 200.500000
353 94.500000 187.500000
354 80.500000 186.000000
354 81.000000 199.500000
354 95.000000 200.500000
354 94.500000 187.500000
355 80.500000 186.500000
355 81.000000 199.500000
355 95.000000 200.500000
355 94.500000 187.500000
356 80.500000 186.000000
356 81.000000 199.500000
356 95.000000 200.500000
356 94.500000 187.500000
357 80.500000 186.000000
357 81.000000 199.500000
357 95.000000 200.500000
357 94.500000 187.500000
358 80.500000 186.500000
358 81.000000 199.500000
358 95.000000 200.500000
358 94.500000 187.500000
359 80.500000 186.500000
359 81.000000 199.500000
359 95.000000 200.500000
359 94.500000 187.500000
