0 77.000000 136.500000
0 0.000000 0.000000
0 94.500000 187.500000
0 91.500000 137.000000
1 77.500000 122.000000
1 77.500000 137.000000
1 91.500000 137.000000
1 92.000000 122.000000
2 77.500000 122.000000
2 77.500000 137.000000
2 92.000000 137.000000
2 92.000000 122.000000
3 77.500000 122.000000
3 77.000000 137.000000
3 91.500000 137.000000
3 92.000000 122.000000
4 77.500000 122.000000
4 77.500000 137.000000
4 91.500000 137.000000
4 92.000000 122.000000
5 77.500000 122.000000
5 77.500000 137.000000
5 91.500000 137.000000
5 92.000000 122.000000
6 77.500000 122.000000
6 77.500000 137.000000
6 91.500000 137.000000
6 92.000000 122.000000
7 77.500000 122.000000
7 77.500000 137.000000
7 92.000000 137.000000
7 92.000000 122.000000
8 77.500000 122.000000
8 77.500000 137.000000
8 91.500000 137.000000
8 92.000000 122.000000
9 77.500000 122.000000
9 77.500000 137.000000
9 92.000000 137.000000
9 92.000000 122.000000
10 77.500000 122.000000
10 77.500000 137.000000
10 92.000000 137.000000
10 91.500000 122.000000
11 77.500000 122.000000
11 77.500000 137.000000
11 91.500000 137.000000
11 92.000000 122.000000
12 77.500000 122.000000
12 77.500000 137.000000
12 91.500000 137.000000
12 92.000000 122.000000
13 77.500000 122.000000
13 77.500000 137.000000
13 92.000000 137.000000
13 92.000000 122.000000
14 77.500000 122.000000
14 77.500000 137.000000
14 92.000000 137.000000
14 92.000000 122.000000
15 77.500000 122.000000
15 77.500000 137.000000
15 91.500000 137.000000
15 92.000000 122.000000
16 77.500000 122.000000
16 77.500000 137.000000
16 91.500000 137.000000
16 92.000000 122.000000
17 77.500000 122.000000
17 77.500000 137.000000
17 92.000000 137.000000
17 92.000000 122.000000
18 77.500000 122.000000
18 77.500000 137.000000
18 92.000000 137.000000
18 91.500000 122.000000
19 77.500000 122.000000
19 77.500000 137.000000
19 91.500000 137.000000
19 92.000000 122.000000
20 77.500000 122.000000
20 77.500000 137.000000
20 92.000000 137.000000
20 92.000000 122.000000
21 77.500000 122.000000
21 77.500000 137.000000
21 91.500000 137.000000
21 92.000000 122.000000
22 77.500000 122.000000
22 77.500000 137.000000
22 91.500000 137.000000
22 92.000000 122.000000
23 77.500000 122.000000
23 77.500000 137.000000
23 91.500000 137.000000
23 92.000000 122.000000
24 77.500000 122.000000
24 77.500000 137.000000
24 92.000000 137.000000
24 92.000000 122.000000
25 77.500000 122.000000
25 77.500000 137.000000
25 91.500000 137.000000
25 92.000000 122.000000
26 77.500000 122.000000
26 77.500000 137.000000
26 91.500000 137.000000
26 92.000000 122.000000
27 77.500000 122.000000
27 77.500000 137.000000
27 92.000000 137.000000
27 92.000000 122.000000
28 77.500000 122.000000
28 77.500000 137.000000
28 92.000000 137.000000
28 92.000000 122.000000
29 77.500000 122.000000
29 77.500000 137.000000
29 91.500000 137.000000
29 92.000000 122.000000
30 77.500000 122.000000
30 77.500000 137.000000
30 91.500000 137.000000
30 92.000000 122.000000
31 77.500000 122.000000
31 77.500000 137.000000
31 91.500000 137.000000
31 92.000000 122.000000
32 77.500000 122.000000
32 77.500000 137.000000
32 92.000000 137.000000
32 92.000000 122.000000
33 77.500000 122.000000
33 77.500000 137.000000
33 91.500000 137.000000
33 92.000000 122.000000
34 77.500000 122.000000
34 77.500000 137.000000
34 91.500000 137.000000
34 92.000000 122.000000
35 77.500000 122.000000
35 77.000000 137.000000
35 91.500000 137.000000
35 92.000000 122.000000
36 77.500000 122.000000
36 77.500000 137.000000
36 91.500000 137.000000
36 92.000000 122.000000
37 77.500000 122.000000
37 77.500000 137.000000
37 91.500000 137.000000
37 92.000000 122.000000
38 77.500000 122.000000
38 77.500000 137.000000
38 92.000000 137.000000
38 92.000000 122.000000
39 77.500000 122.000000
39 77.000000 137.000000
39 91.500000 137.000000
39 92.000000 122.000000
40 77.500000 122.000000
40 77.500000 137.000000
40 91.500000 137.000000
40 92.000000 122.000000
41 77.500000 122.000000
41 77.500000 137.000000
41 91.500000 137.000000
41 92.000000 122.000000
42 77.500000 122.000000
42 77.500000 137.000000
42 91.500000 137.000000
42 92.000000 122.000000
43 77.500000 122.000000
43 77.500000 137.000000
43 91.500000 137.000000
43 92.000000 122.000000
44 77.500000 122.000000
44 77.500000 137.000000
44 91.500000 137.000000
44 92.000000 122.000000
45 77.500000 122.000000
45 77.500000 137.000000
45 91.500000 137.000000
45 92.000000 122.000000
46 77.500000 122.000000
46 77.500000 137.000000
46 91.500000 137.000000
46 92.000000 122.000000
47 77.500000 122.000000
47 77.500000 137.000000
47 91.500000 137.000000
47 92.000000 122.000000
48 77.500000 122.000000
48 77.500000 137.000000
48 92.000000 137.000000
48 92.000000 122.000000
49 77.500000 122.000000
49 77.500000 137.000000
49 91.500000 137.000000
49 92.000000 122.000000
50 77.500000 122.000000
50 77.000000 137.000000
50 92.000000 137.000000
50 92.000000 122.000000
51 77.500000 122.000000
51 77.000000 137.000000
51 91.500000 137.000000
51 92.000000 122.000000
52 77.500000 122.000000
52 77.500000 137.000000
52 91.500000 137.000000
52 91.500000 122.000000
53 77.500000 122.000000
53 77.500000 137.000000
53 92.000000 137.000000
53 92.000000 122.000000
54 77.500000 122.000000
54 77.500000 137.000000
54 92.000000 137.000000
54 91.500000 122.000000
55 77.500000 122.000000
55 77.500000 137.000000
55 92.000000 137.000000
55 92.000000 122.000000
56 77.500000 122.000000
56 77.500000 137.000000
56 91.500000 137.000000
56 92.000000 122.000000
57 77.500000 122.000000
57 77.500000 137.000000
57 92.000000 137.000000
57 91.500000 122.000000
58 77.500000 122.000000
58 77.500000 137.000000
58 92.000000 137.000000
58 92.000000 122.000000
59 77.500000 122.000000
59 77.500000 137.000000
59 91.500000 137.000000
59 92.000000 122.000000
60 77.500000 122.000000
60 77.500000 137.000000
60 91.500000 137.000000
60 92.000000 122.000000
61 77.500000 122.000000
61 77.500000 137.000000
61 91.500000 137.000000
61 92.000000 122.000000
62 77.500000 122.000000
62 77.500000 137.000000
62 91.500000 137.000000
62 92.000000 122.000000
63 77.500000 122.000000
63 77.500000 137.000000
63 91.500000 137.000000
63 92.000000 122.000000
64 77.500000 122.000000
64 77.500000 137.000000
64 91.500000 137.000000
64 92.000000 122.000000
65 77.500000 122.000000
65 77.500000 137.000000
65 91.500000 137.000000
65 92.000000 122.000000
66 77.500000 122.000000
66 77.500000 137.000000
66 91.500000 137.000000
66 92.000000 122.000000
67 77.500000 122.000000
67 77.000000 137.000000
67 91.500000 137.000000
67 92.000000 122.000000
68 77.500000 122.000000
68 77.500000 137.000000
68 92.000000 137.000000
68 92.000000 122.000000
69 77.500000 122.000000
69 77.500000 137.000000
69 91.500000 137.000000
69 92.000000 122.000000
70 77.500000 122.000000
70 77.500000 137.000000
70 92.000000 137.000000
70 92.000000 122.000000
71 77.500000 122.000000
71 77.500000 137.000000
71 91.500000 137.000000
71 92.000000 122.000000
72 77.500000 122.000000
72 77.500000 137.000000
72 91.500000 137.000000
72 91.500000 122.000000
73 77.500000 122.000000
73 77.500000 137.000000
73 91.500000 137.000000
73 92.000000 122.000000
74 77.500000 122.000000
74 77.500000 137.000000
74 92.000000 137.000000
74 92.000000 122.000000
75 77.500000 122.000000
75 77.000000 137.000000
75 92.000000 137.000000
75 92.000000 122.000000
76 77.500000 122.000000
76 77.500000 137.000000
76 91.500000 137.000000
76 92.000000 122.000000
77 77.500000 122.000000
77 77.000000 137.000000
77 91.500000 137.000000
77 92.000000 122.000000
78 77.500000 122.000000
78 77.000000 137.000000
78 91.500000 137.000000
78 92.000000 122.000000
79 77.500000 122.000000
79 77.500000 137.000000
79 91.500000 137.000000
79 92.000000 122.000000
80 77.500000 122.000000
80 77.500000 137.000000
80 92.000000 137.000000
80 92.000000 122.000000
81 77.500000 122.000000
81 77.500000 137.000000
81 91.500000 137.000000
81 92.000000 122.000000
82 77.500000 122.000000
82 77.500000 137.000000
82 92.000000 137.000000
82 92.000000 122.000000
83 77.500000 122.000000
83 77.500000 137.000000
83 91.500000 137.000000
83 91.500000 122.000000
84 77.500000 122.000000
84 77.500000 137.000000
84 92.000000 137.000000
84 92.000000 122.000000
85 77.500000 122.000000
85 77.500000 137.000000
85 91.500000 137.000000
85 92.000000 122.000000
86 77.500000 122.000000
86 77.500000 137.000000
86 91.500000 137.000000
86 92.000000 122.000000
87 77.500000 122.000000
87 77.500000 137.000000
87 91.500000 137.000000
87 92.000000 122.000000
88 77.500000 122.000000
88 77.500000 137.000000
88 92.000000 137.000000
88 92.000000 122.000000
89 77.500000 122.000000
89 77.000000 137.000000
89 91.500000 137.000000
89 92.000000 122.000000
90 77.500000 122.000000
90 77.500000 137.000000
90 92.000000 137.000000
90 92.000000 122.000000
91 77.500000 122.000000
91 77.000000 137.000000
91 91.500000 137.000000
91 92.000000 122.000000
92 77.500000 122.000000
92 77.500000 137.000000
92 92.000000 137.000000
92 92.000000 122.000000
93 77.500000 122.000000
93 77.500000 137.000000
93 91.500000 137.000000
93 92.000000 122.000000
94 77.500000 122.000000
94 77.500000 137.000000
94 92.000000 137.000000
94 92.000000 122.000000
95 77.500000 122.000000
95 77.000000 137.000000
95 92.000000 137.000000
95 92.000000 122.000000
96 77.500000 122.000000
96 77.500000 137.000000
96 91.500000 137.000000
96 92.000000 122.000000
97 77.500000 122.000000
97 77.000000 137.000000
97 91.500000 137.000000
97 92.000000 122.000000
98 77.500000 122.000000
98 77.500000 137.000000
98 91.500000 137.000000
98 92.000000 122.000000
99 77.500000 122.000000
99 77.500000 137.000000
99 91.500000 137.000000
99 92.000000 122.000000
100 77.500000 122.000000
100 77.500000 137.000000
100 92.000000 137.000000
100 92.000000 122.000000
101 77.500000 122.000000
101 77.500000 137.000000
101 91.500000 137.000000
101 91.500000 122.000000
102 77.500000 122.000000
102 77.500000 137.000000
102 92.000000 137.000000
102 92.000000 122.000000
103 77.500000 122.000000
103 77.500000 137.000000
103 91.500000 137.000000
103 92.000000 122.000000
104 77.500000 122.000000
104 77.500000 137.000000
104 91.500000 137.000000
104 92.000000 122.000000
105 77.500000 122.000000
105 77.500000 137.000000
105 92.000000 137.000000
105 92.000000 122.000000
106 77.500000 122.000000
106 77.500000 137.000000
106 91.500000 137.000000
106 92.000000 122.000000
107 77.500000 122.000000
107 77.500000 137.000000
107 91.500000 137.000000
107 92.000000 122.000000
108 77.500000 122.000000
108 77.000000 137.000000
108 92.000000 137.000000
108 92.000000 122.000000
109 77.500000 122.000000
109 77.500000 137.000000
109 91.500000 137.000000
109 92.000000 122.000000
110 77.500000 122.000000
110 77.500000 137.000000
110 91.500000 137.000000
110 92.000000 122.000000
111 77.500000 122.000000
111 77.500000 137.000000
111 91.500000 137.000000
111 92.000000 122.000000
112 77.500000 122.000000
112 77.500000 137.000000
112 91.500000 137.000000
112 92.000000 122.000000
113 77.500000 122.000000
113 77.500000 137.000000
113 91.500000 137.000000
113 92.000000 122.000000
114 77.500000 122.000000
114 77.500000 137.000000
114 91.500000 137.000000
114 92.000000 122.000000
115 77.500000 122.000000
115 77.500000 137.000000
115 91.500000 137.000000
115 92.000000 122.000000
116 77.500000 122.000000
116 77.500000 137.000000
116 91.500000 137.000000
116 92.000000 122.000000
117 77.500000 122.000000
117 77.500000 137.000000
117 91.500000 137.000000
117 92.000000 122.000000
118 77.500000 122.000000
118 77.500000 137.000000
118 92.000000 137.000000
118 92.000000 122.000000
119 77.500000 122.000000
119 77.500000 137.000000
119 91.500000 137.000000
119 92.000000 122.000000
120 77.500000 122.000000
120 77.500000 137.000000
120 91.500000 137.000000
120 92.000000 122.000000
121 77.500000 122.000000
121 77.500000 137.000000
121 91.500000 137.000000
121 92.000000 122.000000
122 77.500000 122.000000
122 77.500000 137.000000
122 92.000000 137.000000
122 91.500000 122.000000
123 77.500000 122.000000
123 77.500000 137.000000
123 92.000000 137.000000
123 92.000000 122.000000
124 77.500000 122.000000
124 77.500000 137.000000
124 92.000000 137.000000
124 92.000000 122.000000
125 77.500000 122.000000
125 77.500000 137.000000
125 91.500000 137.000000
125 92.000000 122.000000
126 77.500000 122.000000
126 77.500000 137.000000
126 91.500000 137.000000
126 92.000000 122.000000
127 77.500000 122.000000
127 77.500000 137.000000
127 91.500000 137.000000
127 92.000000 122.000000
128 77.500000 122.000000
128 77.500000 137.000000
128 91.500000 137.000000
128 92.000000 122.000000
129 77.500000 122.000000
129 77.500000 137.000000
129 91.500000 137.000000
129 92.000000 122.000000
130 77.500000 122.000000
130 77.500000 137.000000
130 91.500000 137.000000
130 92.000000 122.000000
131 77.500000 122.000000
131 77.500000 137.000000
131 91.500000 137.000000
131 92.000000 122.000000
132 77.500000 122.000000
132 77.000000 137.000000
132 91.500000 137.000000
132 92.000000 122.000000
133 77.500000 122.000000
133 77.500000 137.000000
133 91.500000 137.000000
133 92.000000 122.000000
134 77.500000 122.000000
134 77.500000 137.000000
134 91.500000 137.000000
134 92.000000 122.000000
135 77.500000 122.000000
135 77.500000 137.000000
135 91.500000 137.000000
135 92.000000 122.000000
136 77.500000 122.000000
136 77.500000 137.000000
136 91.500000 137.000000
136 92.000000 122.000000
137 77.500000 122.000000
137 77.000000 137.000000
137 91.500000 137.000000
137 92.000000 122.000000
138 77.500000 122.000000
138 77.500000 137.000000
138 92.000000 137.000000
138 92.000000 122.000000
139 77.500000 122.000000
139 77.500000 137.000000
139 92.000000 137.000000
139 91.500000 122.000000
140 77.500000 122.000000
140 77.500000 137.000000
140 92.000000 137.000000
140 92.000000 122.000000
141 77.500000 122.000000
141 77.500000 137.000000
141 91.500000 137.000000
141 92.000000 122.000000
142 77.500000 122.000000
142 77.500000 137.000000
142 91.500000 137.000000
142 92.000000 122.000000
143 77.500000 122.000000
143 77.500000 137.000000
143 92.000000 137.000000
143 92.000000 122.000000
144 77.500000 122.000000
144 77.500000 137.000000
144 91.500000 137.000000
144 92.000000 122.000000
145 77.500000 122.000000
145 77.500000 137.000000
145 91.500000 137.000000
145 92.000000 122.000000
146 77.500000 122.000000
146 77.500000 137.000000
146 92.000000 137.000000
146 92.000000 122.000000
147 77.500000 122.000000
147 77.000000 137.000000
147 91.500000 137.000000
147 92.000000 122.000000
148 77.500000 122.000000
148 77.500000 137.000000
148 91.500000 137.000000
148 92.000000 122.000000
149 77.500000 122.000000
149 77.500000 137.000000
149 91.500000 137.000000
149 92.000000 122.000000
150 77.500000 122.000000
150 77.500000 137.000000
150 92.000000 137.000000
150 92.000000 122.000000
151 77.500000 122.000000
151 77.500000 137.000000
151 91.500000 137.000000
151 92.000000 122.000000
152 77.500000 122.000000
152 77.500000 137.000000
152 91.500000 137.000000
152 92.000000 122.000000
153 77.500000 122.000000
153 77.000000 137.000000
153 91.500000 137.000000
153 92.000000 122.000000
154 77.500000 122.000000
154 77.500000 137.000000
154 91.500000 137.000000
154 91.500000 122.000000
155 77.500000 122.000000
155 77.500000 137.000000
155 91.500000 137.000000
155 92.000000 122.000000
156 77.500000 122.000000
156 77.500000 137.000000
156 91.500000 137.000000
156 91.500000 122.000000
157 77.500000 122.000000
157 77.500000 137.000000
157 91.500000 137.000000
157 91.500000 122.000000
158 77.500000 122.000000
158 77.500000 137.000000
158 91.500000 137.000000
158 92.000000 122.000000
159 77.500000 122.000000
159 77.500000 137.000000
159 92.000000 137.000000
159 92.000000 122.000000
160 77.500000 122.000000
160 77.500000 137.000000
160 91.500000 137.000000
160 92.000000 122.000000
161 77.500000 122.000000
161 77.500000 137.000000
161 91.500000 137.000000
161 92.000000 122.000000
162 77.500000 122.000000
162 77.500000 137.000000
162 92.000000 137.000000
162 92.000000 122.000000
163 77.500000 122.000000
163 77.500000 137.000000
163 91.500000 137.000000
163 92.000000 122.000000
164 77.500000 122.000000
164 77.500000 137.000000
164 91.500000 137.000000
164 92.000000 122.000000
165 77.500000 122.000000
165 77.500000 137.000000
165 91.500000 137.000000
165 92.000000 122.000000
166 77.500000 122.000000
166 77.500000 137.000000
166 91.500000 137.000000
166 92.000000 122.000000
167 77.500000 122.000000
167 77.500000 137.000000
167 91.500000 137.000000
167 92.000000 122.000000
168 77.500000 122.000000
168 77.000000 137.000000
168 91.500000 137.000000
168 92.000000 122.000000
169 77.500000 122.000000
169 77.500000 137.000000
169 91.500000 137.000000
169 92.000000 122.000000
170 77.500000 122.000000
170 77.500000 137.000000
170 92.000000 137.000000
170 91.500000 122.000000
171 77.500000 122.000000
171 77.000000 137.000000
171 91.500000 137.000000
171 92.000000 122.000000
172 77.500000 122.000000
172 77.500000 137.000000
172 91.500000 137.000000
172 92.000000 122.000000
173 77.500000 122.000000
173 77.500000 137.000000
173 92.000000 137.000000
173 92.000000 122.000000
174 77.500000 122.000000
174 77.500000 137.000000
174 92.000000 137.000000
174 92.000000 122.000000
175 77.500000 122.000000
175 77.500000 137.000000
175 91.500000 137.000000
175 92.000000 122.000000
176 77.500000 122.000000
176 77.500000 137.000000
176 92.000000 137.000000
176 92.000000 122.000000
177 77.500000 122.000000
177 77.500000 137.000000
177 91.500000 137.000000
177 92.000000 122.000000
178 77.500000 122.000000
178 77.000000 137.000000
178 91.500000 137.000000
178 92.000000 122.000000
179 77.500000 122.000000
179 77.500000 137.000000
179 92.000000 137.000000
179 92.000000 122.000000
180 77.500000 122.000000
180 77.000000 137.000000
180 92.000000 137.000000
180 92.000000 122.000000
181 77.500000 122.000000
181 77.500000 137.000000
181 91.500000 137.000000
181 92.000000 122.000000
182 77.500000 122.000000
182 77.500000 137.000000
182 91.500000 137.000000
182 92.000000 122.000000
183 77.500000 122.000000
183 77.500000 137.000000
183 91.500000 137.000000
183 92.000000 122.000000
184 77.500000 122.000000
184 77.500000 137.000000
184 91.500000 137.000000
184 92.000000 122.000000
185 77.500000 122.000000
185 77.500000 137.000000
185 91.500000 137.000000
185 92.000000 122.000000
186 77.500000 122.000000
186 77.500000 137.000000
186 92.000000 137.000000
186 92.000000 122.000000
187 77.500000 122.000000
187 77.500000 137.000000
187 91.500000 137.000000
187 92.000000 122.000000
188 77.500000 122.000000
188 77.500000 137.000000
188 91.500000 137.000000
188 92.000000 122.000000
189 77.500000 122.000000
189 77.000000 137.000000
189 91.500000 137.000000
189 92.000000 122.000000
190 77.500000 122.000000
190 77.500000 137.000000
190 91.500000 137.000000
190 92.000000 122.000000
191 77.500000 122.000000
191 77.500000 137.000000
191 91.500000 137.000000
191 92.000000 122.000000
192 77.500000 122.000000
192 77.500000 137.000000
192 92.000000 137.000000
192 92.000000 122.000000
193 77.500000 122.000000
193 77.500000 137.000000
193 91.500000 137.000000
193 92.000000 122.000000
194 77.500000 122.000000
194 77.000000 137.000000
194 91.500000 137.000000
194 92.000000 122.000000
195 77.500000 122.000000
195 77.500000 137.000000
195 91.500000 137.000000
195 92.000000 122.000000
196 77.500000 122.000000
196 77.500000 137.000000
196 91.500000 137.000000
196 92.000000 122.000000
197 77.500000 122.000000
197 77.500000 137.000000
197 91.500000 137.000000
197 91.500000 122.000000
198 77.500000 122.000000
198 77.500000 137.000000
198 91.500000 137.000000
198 91.500000 122.000000
199 77.500000 122.000000
199 77.500000 137.000000
199 91.500000 137.000000
199 92.000000 122.000000
200 77.500000 122.000000
200 77.500000 137.000000
200 91.500000 137.000000
200 92.000000 122.000000
201 77.500000 122.000000
201 77.500000 137.000000
201 91.500000 137.000000
201 92.000000 122.000000
202 77.500000 122.000000
202 77.500000 137.000000
202 91.500000 137.000000
202 92.000000 122.000000
203 77.500000 122.000000
203 77.500000 137.000000
203 91.500000 137.000000
203 92.000000 122.000000
204 77.500000 122.000000
204 77.500000 137.000000
204 91.500000 137.000000
204 92.000000 122.000000
205 77.500000 122.000000
205 77.000000 137.000000
205 91.500000 137.000000
205 92.000000 122.000000
206 77.500000 122.000000
206 77.500000 137.000000
206 92.000000 137.000000
206 92.000000 122.000000
207 77.500000 122.000000
207 77.500000 137.000000
207 91.500000 137.000000
207 92.000000 122.000000
208 77.500000 122.000000
208 77.500000 137.000000
208 91.500000 137.000000
208 92.000000 122.000000
209 77.500000 122.000000
209 77.500000 137.000000
209 91.500000 137.000000
209 92.000000 122.000000
210 77.500000 122.000000
210 77.500000 137.000000
210 91.500000 137.000000
210 92.000000 122.000000
211 77.500000 122.000000
211 77.500000 137.000000
211 91.500000 137.000000
211 92.000000 122.000000
