0 79.500000 54.500000
0 79.500000 120.000000
0 93.500000 120.500000
0 0.000000 0.000000
1 79.500000 106.000000
1 79.500000 120.000000
1 93.500000 120.500000
1 93.500000 106.500000
2 79.500000 106.000000
2 79.500000 120.000000
2 93.500000 120.500000
2 93.500000 106.000000
3 79.500000 106.000000
3 79.500000 120.000000
3 93.500000 120.500000
3 93.500000 106.500000
4 79.500000 106.000000
4 79.500000 120.000000
4 93.500000 120.500000
4 93.500000 106.000000
5 79.500000 106.000000
5 79.500000 120.000000
5 93.500000 120.500000
5 93.500000 106.000000
6 79.500000 105.500000
6 79.500000 120.000000
6 93.500000 120.500000
6 93.500000 106.000000
7 79.500000 106.000000
7 79.500000 120.000000
7 93.500000 120.500000
7 93.500000 106.000000
8 79.500000 106.000000
8 79.500000 120.000000
8 93.500000 120.500000
8 93.500000 106.000000
9 79.500000 106.000000
9 79.500000 120.000000
9 93.500000 120.500000
9 93.500000 106.000000
10 79.500000 105.500000
10 79.500000 120.000000
10 93.500000 120.500000
10 93.500000 106.500000
11 79.500000 106.000000
11 79.500000 120.000000
11 93.500000 120.500000
11 93.500000 106.000000
12 79.500000 106.000000
12 79.500000 120.000000
12 93.500000 120.500000
12 93.500000 106.000000
13 79.500000 106.000000
13 79.500000 120.000000
13 93.500000 120.500000
13 93.500000 106.000000
14 79.500000 106.000000
14 79.500000 120.000000
14 93.500000 120.500000
14 93.500000 106.000000
15 79.000000 106.000000
15 79.500000 120.000000
15 93.500000 120.500000
15 93.500000 106.000000
16 79.500000 105.500000
16 79.500000 120.000000
16 93.500000 120.500000
16 93.500000 106.000000
17 79.500000 105.500000
17 79.500000 120.000000
17 93.500000 120.500000
17 93.500000 106.000000
18 79.500000 106.000000
18 79.500000 120.000000
18 93.500000 120.500000
18 93.500000 106.000000
19 79.500000 106.000000
19 79.500000 120.000000
19 93.500000 120.500000
19 93.500000 106.000000
20 79.500000 106.000000
20 79.500000 120.000000
20 93.500000 120.500000
20 93.500000 106.000000
21 79.500000 106.000000
21 79.500000 120.000000
21 93.500000 120.500000
21 93.500000 106.000000
22 79.500000 106.000000
22 79.500000 120.000000
22 93.500000 120.500000
22 93.500000 106.000000
23 79.500000 106.000000
23 79.500000 120.000000
23 93.500000 120.500000
23 93.500000 106.000000
24 79.500000 106.000000
24 79.500000 120.000000
24 93.500000 120.500000
24 93.500000 106.000000
25 79.500000 106.000000
25 79.500000 120.000000
25 93.500000 120.500000
25 93.500000 106.500000
26 79.500000 106.000000
26 79.500000 120.000000
26 93.500000 120.500000
26 93.500000 106.000000
27 79.500000 105.500000
27 79.500000 120.000000
27 93.500000 120.500000
27 93.500000 106.500000
28 79.500000 106.000000
28 79.500000 120.000000
28 93.500000 120.500000
28 93.500000 106.000000
29 79.500000 106.000000
29 79.500000 120.000000
29 93.500000 120.500000
29 93.500000 106.500000
30 79.500000 106.000000
30 79.500000 120.000000
30 93.500000 120.500000
30 93.500000 106.000000
31 79.500000 106.000000
31 79.500000 120.000000
31 93.500000 120.500000
31 93.500000 106.000000
32 79.500000 105.500000
32 79.500000 120.000000
32 93.500000 120.500000
32 93.500000 106.000000
33 79.500000 106.000000
33 79.500000 120.000000
33 93.500000 120.500000
33 93.500000 106.000000
34 79.500000 106.000000
34 79.500000 120.000000
34 93.500000 120.500000
34 93.500000 106.500000
35 79.500000 106.000000
35 79.500000 120.000000
35 93.500000 120.500000
35 93.500000 106.000000
36 79.500000 106.000000
36 79.500000 120.000000
36 93.500000 120.500000
36 93.500000 106.000000
37 79.500000 105.500000
37 79.500000 120.000000
37 93.500000 120.500000
37 93.500000 106.000000
38 79.000000 106.000000
38 79.500000 120.000000
38 93.500000 120.500000
38 93.500000 106.500000
39 79.500000 106.000000
39 79.500000 120.000000
39 93.500000 120.500000
39 93.500000 106.000000
40 79.500000 106.000000
40 79.500000 120.000000
40 93.500000 120.500000
40 93.500000 106.000000
41 79.500000 106.000000
41 79.500000 120.000000
41 93.500000 120.500000
41 93.500000 106.000000
42 79.500000 106.000000
42 79.500000 120.000000
42 93.500000 120.500000
42 93.500000 106.000000
43 79.500000 106.000000
43 79.500000 120.000000
43 93.500000 120.500000
43 93.500000 106.000000
44 79.500000 106.000000
44 79.500000 120.000000
44 93.500000 120.500000
44 93.500000 106.000000
45 79.500000 106.000000
45 79.500000 120.000000
45 93.500000 120.500000
45 93.500000 106.500000
46 79.500000 105.500000
46 79.500000 120.000000
46 93.500000 120.500000
46 93.500000 106.000000
47 79.500000 106.000000
47 79.500000 120.000000
47 93.500000 120.500000
47 93.500000 106.500000
48 79.500000 106.000000
48 79.500000 120.000000
48 93.500000 120.500000
48 93.500000 106.000000
49 79.500000 105.500000
49 79.500000 120.000000
49 93.500000 120.500000
49 93.500000 106.000000
50 79.500000 106.000000
50 79.500000 120.000000
50 93.500000 120.500000
50 93.500000 106.000000
51 79.500000 106.000000
51 79.500000 120.000000
51 93.500000 120.500000
51 93.500000 106.000000
52 79.500000 106.000000
52 79.500000 120.000000
52 93.500000 120.500000
52 93.500000 106.500000
53 79.500000 106.000000
53 79.500000 120.000000
53 93.500000 120.500000
53 93.500000 106.000000
54 79.500000 106.000000
54 79.500000 120.000000
54 93.500000 120.500000
54 93.500000 106.000000
55 79.500000 106.000000
55 79.500000 120.000000
55 93.500000 120.500000
55 93.500000 106.000000
56 79.500000 106.000000
56 79.500000 120.000000
56 93.500000 120.500000
56 93.500000 106.500000
57 79.500000 106.000000
57 79.500000 120.000000
57 93.500000 120.500000
57 93.500000 106.000000
58 79.500000 106.000000
58 79.500000 120.000000
58 93.500000 120.500000
58 93.500000 106.000000
59 79.500000 105.500000
59 79.500000 120.000000
59 93.500000 120.500000
59 93.500000 106.500000
60 79.500000 106.000000
60 79.500000 120.000000
60 93.500000 120.500000
60 93.500000 106.500000
61 79.500000 106.000000
61 79.500000 120.000000
61 93.500000 120.500000
61 93.500000 106.000000
62 79.500000 105.500000
62 79.500000 120.000000
62 93.500000 120.500000
62 93.500000 106.000000
63 79.500000 106.000000
63 79.500000 120.000000
63 93.500000 120.500000
63 93.500000 106.000000
64 79.500000 106.000000
64 79.500000 120.000000
64 93.500000 120.500000
64 93.500000 106.000000
65 79.500000 106.000000
65 79.500000 120.000000
65 93.500000 120.500000
65 93.500000 106.000000
66 79.500000 106.000000
66 79.500000 120.000000
66 93.500000 120.500000
66 93.500000 106.000000
67 79.500000 106.000000
67 79.500000 120.000000
67 93.500000 120.500000
67 93.500000 106.000000
68 79.500000 105.500000
68 79.500000 120.000000
68 93.500000 120.500000
68 93.500000 106.000000
69 79.500000 106.000000
69 79.500000 120.000000
69 93.500000 120.500000
69 93.500000 106.000000
70 79.500000 106.000000
70 79.500000 120.000000
70 93.500000 120.500000
70 93.500000 106.000000
71 79.500000 106.000000
71 79.500000 120.000000
71 93.500000 120.500000
71 93.500000 106.000000
72 79.500000 105.500000
72 79.500000 120.000000
72 93.500000 120.500000
72 93.500000 106.000000
73 79.500000 106.000000
73 79.500000 120.000000
73 93.500000 120.500000
73 93.500000 106.500000
74 79.500000 106.000000
74 79.500000 120.000000
74 93.500000 120.500000
74 93.500000 106.500000
75 79.500000 106.000000
75 79.500000 120.000000
75 93.500000 120.500000
75 93.500000 106.000000
76 79.500000 106.000000
76 79.500000 120.000000
76 93.500000 120.500000
76 93.500000 106.000000
77 79.500000 106.000000
77 79.500000 120.000000
77 93.500000 120.500000
77 93.500000 106.500000
78 79.500000 106.000000
78 79.500000 120.000000
78 93.500000 120.500000
78 93.500000 106.000000
79 79.500000 105.500000
79 79.500000 120.000000
79 93.500000 120.500000
79 93.500000 106.000000
80 79.500000 106.000000
80 79.500000 120.000000
80 93.500000 120.500000
80 93.500000 106.500000
81 79.500000 105.500000
81 79.500000 120.000000
81 93.500000 120.500000
81 93.500000 106.500000
82 79.500000 106.000000
82 79.500000 120.000000
82 93.500000 120.500000
82 93.500000 106.500000
83 79.500000 105.500000
83 79.500000 120.000000
83 93.500000 120.500000
83 93.500000 106.000000
84 79.500000 106.000000
84 79.500000 120.000000
84 93.500000 120.500000
84 93.500000 106.000000
85 79.000000 105.500000
85 79.500000 120.000000
85 93.500000 120.500000
85 93.500000 106.000000
86 79.500000 106.000000
86 79.500000 120.000000
86 93.500000 120.500000
86 93.500000 106.000000
87 79.500000 106.000000
87 79.500000 120.000000
87 93.500000 120.500000
87 93.500000 106.000000
88 79.500000 106.000000
88 79.500000 120.000000
88 93.500000 120.500000
88 93.500000 106.000000
89 79.500000 106.000000
89 79.500000 120.000000
89 93.500000 120.500000
89 93.500000 106.000000
90 79.000000 106.000000
90 79.500000 120.000000
90 93.500000 120.500000
90 93.500000 106.500000
91 79.500000 106.000000
91 79.500000 120.000000
91 93.500000 120.500000
91 93.500000 106.000000
92 79.500000 106.000000
92 79.500000 120.000000
92 93.500000 120.500000
92 93.500000 106.500000
93 79.500000 106.000000
93 79.500000 120.000000
93 93.500000 120.500000
93 93.500000 106.000000
94 79.000000 106.000000
94 79.500000 120.000000
94 93.500000 120.500000
94 93.500000 106.000000
95 79.500000 106.000000
95 79.500000 120.000000
95 93.500000 120.500000
95 93.500000 106.000000
96 79.500000 105.500000
96 79.500000 120.000000
96 93.500000 120.500000
96 93.500000 106.000000
97 79.500000 106.000000
97 79.500000 120.000000
97 93.500000 120.500000
97 93.500000 106.000000
98 79.500000 105.500000
98 79.500000 120.000000
98 93.500000 120.500000
98 93.500000 106.000000
99 79.500000 106.000000
99 79.500000 120.000000
99 93.500000 120.500000
99 93.500000 106.000000
100 79.500000 106.000000
100 79.500000 120.000000
100 93.500000 120.500000
100 93.500000 106.000000
101 79.500000 106.000000
101 79.500000 120.000000
101 93.500000 120.500000
101 93.500000 106.500000
102 79.500000 106.000000
102 79.500000 120.000000
102 93.500000 120.500000
102 93.500000 106.000000
103 79.500000 106.000000
103 79.500000 120.000000
103 93.500000 120.500000
103 93.500000 106.000000
104 79.500000 106.000000
104 79.500000 120.000000
104 93.500000 120.500000
104 93.500000 106.000000
105 79.500000 106.000000
105 79.500000 120.000000
105 93.500000 120.500000
105 93.500000 106.500000
106 79.500000 106.000000
106 79.500000 120.000000
106 93.500000 120.500000
106 93.500000 106.500000
107 79.500000 106.000000
107 79.500000 120.000000
107 93.500000 120.500000
107 93.500000 106.000000
108 79.500000 106.000000
108 79.500000 120.000000
108 93.500000 120.500000
108 93.500000 106.500000
109 79.500000 105.500000
109 79.500000 120.000000
109 93.500000 120.500000
109 93.500000 106.000000
110 79.500000 106.000000
110 79.500000 120.000000
110 93.500000 120.500000
110 93.500000 106.000000
111 79.500000 105.500000
111 79.500000 120.000000
111 93.500000 120.500000
111 93.500000 106.000000
112 79.500000 106.000000
112 79.500000 120.000000
112 93.500000 120.500000
112 93.500000 106.000000
113 79.500000 106.000000
113 79.500000 120.000000
113 93.500000 120.500000
113 93.500000 106.500000
114 79.500000 106.000000
114 79.500000 120.000000
114 93.500000 120.500000
114 93.500000 106.000000
115 79.500000 106.000000
115 79.500000 120.000000
115 93.500000 120.500000
115 93.500000 106.500000
116 79.500000 105.500000
116 79.500000 120.000000
116 93.500000 120.500000
116 93.500000 106.000000
117 79.500000 106.000000
117 79.500000 120.000000
117 93.500000 120.500000
117 93.500000 106.500000
118 79.000000 106.000000
118 79.500000 120.000000
118 93.500000 120.500000
118 93.500000 106.000000
119 79.500000 106.000000
119 79.500000 120.000000
119 93.500000 120.500000
119 93.500000 106.500000
120 79.500000 106.000000
120 79.500000 120.000000
120 93.500000 120.500000
120 93.500000 106.500000
121 79.500000 106.000000
121 79.500000 120.000000
121 93.500000 120.500000
121 93.500000 106.000000
122 79.500000 106.000000
122 79.500000 120.000000
122 93.500000 120.500000
122 93.500000 106.000000
123 79.500000 106.000000
123 79.500000 120.000000
123 93.500000 120.500000
123 93.500000 106.500000
124 79.500000 106.000000
124 79.500000 120.000000
124 93.500000 120.500000
124 93.500000 106.000000
125 79.500000 106.000000
125 79.500000 120.000000
125 93.500000 120.500000
125 93.500000 106.000000
126 79.500000 105.500000
126 79.500000 120.000000
126 93.500000 120.500000
126 93.500000 106.500000
127 79.500000 105.500000
127 79.500000 120.000000
127 93.500000 120.500000
127 93.500000 106.000000
128 79.500000 106.000000
128 79.500000 120.000000
128 93.500000 120.500000
128 93.500000 106.500000
129 79.500000 106.000000
129 79.500000 120.000000
129 93.500000 120.500000
129 93.500000 106.500000
130 79.500000 106.000000
130 79.500000 120.000000
130 93.500000 120.500000
130 93.500000 106.000000
131 79.500000 106.000000
131 79.500000 120.000000
131 93.500000 120.500000
131 93.500000 106.000000
132 79.500000 106.000000
132 79.500000 120.000000
132 93.500000 120.500000
132 93.500000 106.500000
133 79.500000 106.000000
133 79.500000 120.000000
133 93.500000 120.500000
133 93.500000 106.000000
134 79.500000 106.000000
134 79.500000 120.000000
134 93.500000 120.500000
134 93.500000 106.000000
135 79.500000 106.000000
135 79.500000 120.000000
135 93.500000 120.500000
135 93.500000 106.000000
136 79.500000 105.500000
136 79.500000 120.500000
136 93.500000 120.500000
136 93.500000 106.000000
137 79.500000 106.000000
137 79.500000 120.000000
137 93.500000 120.500000
137 93.500000 106.000000
138 79.500000 106.000000
138 79.500000 120.000000
138 93.500000 120.500000
138 93.500000 106.000000
139 79.500000 106.000000
139 79.500000 120.000000
139 93.500000 120.500000
139 93.500000 106.000000
140 79.500000 106.000000
140 79.500000 120.000000
140 93.500000 120.500000
140 93.500000 106.500000
141 79.500000 106.000000
141 79.500000 120.000000
141 93.500000 120.500000
141 93.500000 106.000000
142 79.500000 106.000000
142 79.500000 120.000000
142 93.500000 120.500000
142 93.500000 106.500000
143 79.500000 105.500000
143 79.500000 120.000000
143 93.500000 120.500000
143 93.500000 106.500000
144 79.500000 106.000000
144 79.500000 120.000000
144 93.500000 120.500000
144 93.500000 106.000000
145 79.500000 106.000000
145 79.500000 120.000000
145 93.500000 120.500000
145 93.500000 106.000000
146 79.500000 106.000000
146 79.500000 120.000000
146 93.500000 120.500000
146 93.500000 106.000000
147 79.500000 106.000000
147 79.500000 120.000000
147 93.500000 120.500000
147 93.500000 106.000000
148 79.500000 106.000000
148 79.500000 120.000000
148 93.500000 120.500000
148 93.500000 106.000000
149 79.500000 106.000000
149 79.500000 120.000000
149 93.500000 120.500000
149 93.500000 106.000000
150 79.500000 106.000000
150 79.500000 120.000000
150 93.500000 120.500000
150 93.500000 106.000000
151 79.500000 106.000000
151 79.500000 120.000000
151 93.500000 120.500000
151 93.500000 106.000000
152 79.500000 106.000000
152 79.500000 120.000000
152 93.500000 120.500000
152 93.500000 106.000000
153 79.500000 106.000000
153 79.500000 120.000000
153 93.500000 120.500000
153 93.500000 106.000000
154 79.500000 106.000000
154 79.500000 120.000000
154 93.500000 120.500000
154 93.500000 106.000000
155 79.500000 106.000000
155 79.500000 120.000000
155 93.500000 120.500000
155 93.500000 106.500000
156 79.500000 105.500000
156 79.500000 120.000000
156 93.500000 120.500000
156 93.500000 106.000000
157 79.500000 106.000000
157 79.500000 120.000000
157 93.500000 120.500000
157 93.500000 106.000000
158 79.500000 106.000000
158 79.500000 120.000000
158 93.500000 120.500000
158 93.500000 106.000000
159 79.500000 106.000000
159 79.500000 120.000000
159 93.500000 120.500000
159 93.500000 106.000000
160 79.500000 106.000000
160 79.500000 120.000000
160 93.500000 120.500000
160 93.500000 106.000000
161 79.500000 105.500000
161 79.500000 120.000000
161 93.500000 120.500000
161 93.500000 106.000000
162 79.500000 106.000000
162 79.500000 120.000000
162 93.500000 120.500000
162 93.500000 106.500000
163 79.500000 106.000000
163 79.500000 120.000000
163 93.500000 120.500000
163 93.500000 106.000000
164 79.500000 106.000000
164 79.500000 120.000000
164 93.500000 120.500000
164 93.500000 106.000000
165 79.500000 106.000000
165 79.500000 120.000000
165 93.500000 120.500000
165 93.500000 106.000000
166 79.500000 106.000000
166 79.500000 120.000000
166 93.500000 120.500000
166 93.500000 106.000000
167 79.500000 106.000000
167 79.500000 120.000000
167 93.500000 120.500000
167 93.500000 106.000000
168 79.500000 106.000000
168 79.500000 120.000000
168 93.500000 120.500000
168 93.500000 106.000000
169 79.500000 106.000000
169 79.500000 120.000000
169 93.500000 120.500000
169 93.500000 106.000000
170 79.500000 106.000000
170 79.500000 120.000000
170 93.500000 120.500000
170 93.500000 106.000000
171 79.500000 105.500000
171 79.500000 120.000000
171 93.500000 120.500000
171 93.500000 106.500000
172 79.500000 106.000000
172 79.500000 120.000000
172 93.500000 120.500000
172 93.500000 106.500000
173 79.500000 106.000000
173 79.500000 120.000000
173 93.500000 120.500000
173 93.500000 106.000000
174 79.500000 106.000000
174 79.500000 120.000000
174 93.500000 120.500000
174 93.500000 106.000000
175 79.500000 106.000000
175 79.500000 120.000000
175 93.500000 120.500000
175 93.500000 106.000000
176 79.500000 106.000000
176 79.500000 120.000000
176 93.500000 120.500000
176 93.500000 106.000000
177 79.500000 106.000000
177 79.500000 120.000000
177 93.500000 120.500000
177 93.500000 106.500000
178 79.500000 105.500000
178 79.500000 120.000000
178 93.500000 120.500000
178 93.500000 106.000000
179 79.500000 105.500000
179 79.500000 120.000000
179 93.500000 120.500000
179 93.500000 106.500000
180 79.500000 106.000000
180 79.500000 120.000000
180 93.500000 120.500000
180 93.500000 106.000000
181 79.000000 106.000000
181 79.500000 120.000000
181 93.500000 120.500000
181 93.500000 106.500000
182 79.500000 106.000000
182 79.500000 120.000000
182 93.500000 120.500000
182 93.500000 106.000000
183 79.500000 105.500000
183 79.500000 120.000000
183 93.500000 120.500000
183 93.500000 106.500000
184 79.500000 106.000000
184 79.500000 120.000000
184 93.500000 120.500000
184 93.500000 106.000000
185 79.500000 106.000000
185 79.500000 120.000000
185 93.500000 120.500000
185 93.500000 106.500000
186 79.500000 106.000000
186 79.500000 120.000000
186 93.500000 120.500000
186 93.500000 106.500000
187 79.500000 106.000000
187 79.500000 120.000000
187 93.500000 120.500000
187 93.500000 106.000000
188 79.500000 106.000000
188 79.500000 120.500000
188 93.500000 120.500000
188 93.500000 106.000000
189 79.500000 106.000000
189 79.500000 120.000000
189 93.500000 120.500000
189 93.500000 106.000000
190 79.500000 106.000000
190 79.500000 120.000000
190 93.500000 120.500000
190 93.500000 106.000000
191 79.500000 106.000000
191 79.500000 120.000000
191 93.500000 120.500000
191 93.500000 106.500000
192 79.500000 106.000000
192 79.500000 120.000000
192 93.500000 120.500000
192 93.500000 106.000000
193 79.500000 106.000000
193 79.500000 120.000000
193 93.500000 120.500000
193 93.500000 106.000000
194 79.500000 106.000000
194 79.500000 120.000000
194 93.500000 120.500000
194 93.500000 106.000000
195 79.500000 106.000000
195 79.500000 120.000000
195 93.500000 120.500000
195 93.500000 106.500000
196 79.500000 106.000000
196 79.500000 120.000000
196 93.500000 120.500000
196 93.500000 106.000000
197 79.500000 106.000000
197 79.500000 120.000000
197 93.500000 120.500000
197 93.500000 106.000000
198 79.500000 106.000000
198 79.500000 120.000000
198 93.500000 120.500000
198 93.500000 106.500000
199 79.500000 106.000000
199 79.500000 120.000000
199 93.500000 120.500000
199 93.500000 106.000000
200 79.500000 106.000000
200 79.500000 120.000000
200 93.500000 120.500000
200 93.500000 106.000000
201 79.500000 106.000000
201 79.500000 120.000000
201 93.500000 120.500000
201 93.500000 106.000000
202 79.500000 106.000000
202 79.500000 120.000000
202 93.500000 120.500000
202 93.500000 106.000000
203 79.500000 106.000000
203 79.500000 120.000000
203 93.500000 120.500000
203 93.500000 106.000000
204 79.500000 105.500000
204 79.500000 120.000000
204 93.500000 120.500000
204 93.500000 106.000000
205 79.500000 105.500000
205 79.500000 120.000000
205 93.500000 120.500000
205 93.500000 106.000000
206 79.500000 106.000000
206 79.500000 120.000000
206 93.500000 120.500000
206 93.500000 106.000000
207 79.500000 106.000000
207 79.500000 120.000000
207 93.500000 120.500000
207 93.500000 106.000000
208 79.500000 106.000000
208 79.500000 120.000000
208 93.500000 120.500000
208 93.500000 106.500000
209 79.500000 106.000000
209 79.500000 120.000000
209 93.500000 120.500000
209 93.500000 106.000000
210 79.500000 106.000000
210 79.500000 120.000000
210 93.500000 120.500000
210 93.500000 106.000000
211 79.500000 105.500000
211 79.500000 120.000000
211 93.500000 120.500000
211 93.500000 106.500000
212 79.500000 106.000000
212 79.500000 120.000000
212 93.500000 120.500000
212 93.500000 106.000000
213 79.500000 106.000000
213 79.500000 120.000000
213 93.500000 120.500000
213 93.500000 106.000000
214 79.500000 105.500000
214 79.500000 120.000000
214 93.500000 120.500000
214 93.500000 106.000000
215 79.500000 106.000000
215 79.500000 120.000000
215 93.500000 120.500000
215 93.500000 106.500000
216 79.500000 105.500000
216 79.500000 120.000000
216 93.500000 120.500000
216 93.500000 106.000000
217 79.500000 106.000000
217 79.500000 120.000000
217 93.500000 120.500000
217 93.500000 106.000000
218 79.500000 106.000000
218 79.500000 120.000000
218 93.500000 120.500000
218 93.500000 106.000000
