0 77.500000 59.000000
0 78.500000 105.000000
0 92.500000 104.500000
0 0.000000 0.000000
1 79.500000 91.500000
1 78.500000 105.000000
1 93.000000 104.500000
1 93.500000 90.500000
2 79.500000 91.500000
2 78.500000 104.500000
2 92.500000 104.500000
2 93.500000 90.500000
3 80.000000 91.500000
3 78.500000 104.500000
3 92.500000 104.500000
3 93.500000 90.500000
4 80.000000 91.500000
4 78.500000 104.500000
4 93.000000 104.500000
4 93.500000 90.500000
5 80.000000 91.500000
5 78.500000 104.500000
5 93.000000 104.500000
5 93.500000 90.500000
6 79.500000 91.500000
6 78.500000 104.500000
6 92.500000 104.500000
6 93.500000 90.500000
7 79.500000 91.500000
7 78.500000 104.500000
7 93.000000 104.500000
7 93.500000 90.500000
8 79.500000 91.500000
8 78.500000 104.500000
8 93.000000 104.500000
8 93.500000 90.500000
9 79.500000 91.500000
9 78.500000 105.000000
9 92.500000 104.500000
9 93.500000 90.500000
10 79.500000 91.500000
10 78.500000 105.000000
10 92.500000 104.500000
10 93.500000 90.500000
11 79.500000 91.500000
11 78.500000 104.500000
11 93.000000 104.500000
11 93.500000 90.500000
12 79.500000 91.500000
12 78.500000 105.000000
12 93.000000 104.500000
12 93.500000 90.500000
13 79.500000 91.500000
13 78.500000 104.500000
13 93.000000 104.500000
13 93.500000 90.500000
14 79.500000 91.500000
14 78.500000 104.500000
14 93.000000 104.500000
14 93.500000 90.500000
15 79.500000 91.500000
15 78.500000 104.500000
15 92.500000 104.500000
15 93.500000 90.500000
16 80.000000 91.500000
16 78.500000 104.500000
16 93.000000 104.500000
16 93.500000 90.500000
17 79.500000 91.500000
17 78.500000 104.500000
17 93.000000 104.500000
17 93.500000 90.500000
18 80.000000 91.500000
18 78.500000 104.500000
18 92.500000 104.500000
18 93.500000 90.500000
19 79.500000 91.500000
19 78.500000 104.500000
19 93.000000 104.500000
19 93.500000 90.500000
20 79.500000 91.500000
20 78.500000 105.000000
20 93.000000 104.500000
20 93.500000 90.500000
21 79.500000 91.500000
21 78.500000 104.500000
21 92.500000 104.500000
21 93.500000 90.500000
22 79.500000 91.500000
22 78.500000 104.500000
22 93.000000 104.500000
22 93.500000 90.500000
23 79.500000 91.500000
23 78.500000 104.500000
23 93.000000 104.500000
23 93.500000 90.500000
24 79.500000 91.500000
24 78.500000 105.000000
24 92.500000 104.500000
24 93.500000 90.500000
25 79.500000 91.500000
25 78.500000 104.500000
25 93.000000 104.500000
25 93.500000 90.500000
26 79.500000 91.500000
26 78.500000 104.500000
26 93.000000 104.500000
26 93.500000 90.500000
27 80.000000 91.500000
27 78.500000 104.500000
27 92.500000 104.500000
27 93.500000 90.500000
28 79.500000 91.500000
28 78.500000 104.500000
28 92.500000 104.500000
28 93.500000 90.500000
29 79.500000 91.500000
29 78.500000 104.500000
29 93.000000 104.500000
29 93.500000 90.500000
30 79.500000 91.500000
30 78.500000 104.500000
30 93.000000 104.500000
30 93.500000 90.500000
31 79.500000 91.500000
31 78.500000 104.500000
31 93.000000 104.500000
31 93.500000 90.500000
32 79.500000 91.500000
32 78.500000 104.500000
32 93.000000 104.500000
32 93.500000 90.500000
33 79.500000 91.500000
33 78.500000 105.000000
33 93.000000 104.500000
33 93.500000 90.500000
34 80.000000 91.500000
34 78.500000 104.500000
34 93.000000 104.500000
34 93.500000 90.500000
35 80.000000 91.500000
35 78.500000 104.500000
35 92.500000 104.500000
35 93.500000 90.500000
36 79.500000 91.500000
36 78.500000 104.500000
36 92.500000 104.500000
36 93.500000 90.500000
37 80.000000 91.500000
37 78.500000 104.500000
37 92.500000 104.500000
37 93.500000 90.500000
38 79.500000 91.500000
38 78.500000 104.500000
38 93.000000 104.500000
38 93.500000 90.500000
39 79.500000 91.500000
39 78.500000 104.500000
39 92.500000 104.500000
39 93.500000 90.500000
40 79.500000 91.500000
40 78.500000 105.000000
40 93.000000 104.500000
40 93.500000 90.500000
41 79.500000 91.500000
41 78.500000 105.000000
41 93.000000 104.500000
41 93.500000 90.500000
42 79.500000 91.500000
42 78.500000 104.500000
42 92.500000 104.500000
42 93.500000 90.500000
43 79.500000 91.500000
43 78.500000 104.500000
43 93.000000 104.500000
43 93.500000 90.500000
44 79.500000 91.500000
44 78.500000 104.500000
44 92.500000 104.500000
44 93.500000 90.500000
45 79.500000 91.500000
45 78.500000 104.500000
45 93.000000 104.500000
45 93.500000 90.500000
46 79.500000 91.500000
46 78.500000 104.500000
46 93.000000 104.500000
46 93.500000 90.500000
47 79.500000 91.500000
47 78.500000 104.500000
47 93.000000 104.500000
47 93.500000 90.500000
48 80.000000 91.500000
48 78.500000 104.500000
48 92.500000 104.500000
48 93.500000 90.500000
49 80.000000 91.500000
49 78.500000 105.000000
49 92.500000 104.500000
49 93.500000 90.500000
50 79.500000 91.500000
50 78.500000 105.000000
50 93.000000 104.500000
50 93.500000 90.500000
51 80.000000 91.500000
51 78.500000 104.500000
51 92.500000 104.500000
51 93.500000 90.500000
52 80.000000 91.500000
52 78.500000 104.500000
52 93.000000 104.500000
52 93.500000 90.500000
53 79.500000 91.500000
53 78.500000 104.500000
53 92.500000 104.500000
53 93.500000 90.500000
54 79.500000 91.500000
54 78.500000 104.500000
54 93.000000 104.500000
54 93.500000 90.500000
55 79.500000 91.500000
55 78.500000 105.000000
55 93.000000 104.500000
55 93.500000 90.500000
56 80.000000 91.500000
56 78.500000 105.000000
56 93.000000 104.500000
56 93.500000 90.500000
57 79.500000 91.500000
57 78.500000 105.000000
57 92.500000 104.500000
57 93.500000 90.500000
58 80.000000 91.500000
58 78.500000 104.500000
58 93.000000 104.500000
58 93.500000 90.500000
59 79.500000 91.500000
59 78.500000 104.500000
59 93.000000 104.500000
59 93.500000 90.500000
60 79.500000 91.500000
60 78.500000 104.500000
60 92.500000 104.500000
60 93.500000 90.500000
61 80.000000 91.500000
61 78.500000 104.500000
61 93.000000 104.500000
61 93.500000 90.500000
62 79.500000 91.500000
62 78.500000 104.500000
62 92.500000 104.500000
62 93.500000 90.500000
63 79.500000 91.500000
63 78.500000 104.500000
63 93.000000 104.500000
63 93.500000 90.500000
64 79.500000 91.500000
64 78.500000 104.500000
64 93.000000 104.500000
64 93.500000 90.500000
65 80.000000 91.500000
65 78.500000 104.500000
65 93.000000 104.500000
65 93.500000 90.500000
66 80.000000 91.500000
66 78.500000 104.500000
66 93.000000 104.500000
66 93.500000 90.500000
67 79.500000 91.500000
67 78.500000 104.500000
67 93.000000 104.500000
67 93.500000 90.500000
68 80.000000 91.500000
68 78.500000 104.500000
68 92.500000 104.500000
68 93.500000 90.500000
69 79.500000 91.500000
69 78.500000 104.500000
69 92.500000 104.500000
69 93.500000 90.500000
70 79.500000 91.500000
70 78.500000 104.500000
70 92.500000 104.500000
70 93.500000 90.500000
71 79.500000 91.500000
71 78.500000 104.500000
71 92.500000 104.500000
71 93.500000 90.500000
72 79.500000 91.500000
72 78.500000 104.500000
72 93.000000 104.500000
72 93.500000 90.500000
73 79.500000 91.500000
73 78.500000 104.500000
73 93.000000 104.500000
73 93.500000 90.500000
74 79.500000 91.500000
74 78.500000 105.000000
74 93.000000 104.500000
74 93.500000 90.500000
75 80.000000 91.500000
75 78.500000 104.500000
75 93.000000 104.500000
75 93.500000 90.500000
76 79.500000 91.500000
76 78.500000 104.500000
76 93.000000 104.500000
76 93.500000 90.500000
77 79.500000 91.500000
77 78.500000 104.500000
77 92.500000 104.500000
77 93.500000 90.500000
78 79.500000 91.500000
78 78.500000 105.000000
78 93.000000 104.500000
78 93.500000 90.500000
79 80.000000 91.500000
79 78.500000 105.000000
79 92.500000 104.500000
79 93.500000 90.500000
80 79.500000 91.500000
80 78.500000 104.500000
80 92.500000 104.500000
80 93.500000 90.500000
81 79.500000 91.500000
81 78.500000 104.500000
81 93.000000 104.500000
81 93.500000 90.500000
82 79.500000 91.500000
82 78.500000 104.500000
82 92.500000 104.500000
82 93.500000 90.500000
83 79.500000 91.500000
83 78.500000 105.000000
83 92.500000 104.500000
83 93.500000 90.500000
84 79.500000 91.500000
84 78.500000 104.500000
84 93.000000 104.500000
84 93.500000 90.500000
85 80.000000 91.500000
85 78.500000 104.500000
85 92.500000 104.500000
85 93.500000 90.500000
86 79.500000 91.500000
86 78.500000 105.000000
86 93.000000 104.500000
86 93.500000 90.500000
87 80.000000 91.500000
87 78.500000 105.000000
87 93.000000 104.500000
87 93.500000 90.500000
88 79.500000 91.500000
88 78.500000 104.500000
88 92.500000 104.500000
88 93.500000 90.500000
89 80.000000 91.500000
89 78.500000 104.500000
89 93.000000 104.500000
89 93.500000 90.500000
90 80.000000 91.500000
90 78.500000 104.500000
90 92.500000 104.500000
90 93.500000 90.500000
91 79.500000 91.500000
91 78.500000 104.500000
91 92.500000 104.500000
91 93.500000 90.500000
92 79.500000 91.500000
92 78.500000 104.500000
92 93.000000 104.500000
92 93.500000 90.500000
93 80.000000 91.500000
93 78.500000 105.000000
93 92.500000 104.500000
93 93.500000 90.500000
94 79.500000 91.500000
94 78.500000 104.500000
94 93.000000 104.500000
94 93.500000 90.500000
95 80.000000 91.500000
95 78.500000 104.500000
95 93.000000 104.500000
95 93.500000 90.500000
96 79.500000 91.500000
96 78.500000 104.500000
96 92.500000 104.500000
96 93.500000 90.500000
97 79.500000 91.500000
97 78.500000 104.500000
97 92.500000 104.500000
97 93.500000 90.500000
98 80.000000 91.500000
98 78.500000 104.500000
98 92.500000 104.500000
98 93.500000 90.500000
99 79.500000 91.500000
99 78.500000 104.500000
99 92.500000 104.500000
99 93.500000 90.500000
100 79.500000 91.500000
100 78.500000 104.500000
100 93.000000 104.500000
100 93.500000 90.500000
101 79.500000 91.500000
101 78.500000 104.500000
101 92.500000 104.500000
101 93.500000 90.500000
102 79.500000 91.500000
102 78.500000 105.000000
102 93.000000 104.500000
102 93.500000 90.500000
103 79.500000 91.500000
103 78.500000 104.500000
103 92.500000 104.500000
103 93.500000 90.500000
