0 108.000000 106.000000 17.000000
0 101.000000 143.000000 17.000000
0 134.000000 147.000000 17.000000
0 134.000000 119.000000 17.000000
1 100.000000 113.000000 7.000000
1 101.000000 143.000000 7.000000
1 134.000000 147.000000 7.000000
1 133.000000 116.000000 7.000000
2 100.000000 113.000000 7.000000
2 101.000000 143.000000 7.000000
2 134.000000 147.000000 7.000000
2 133.000000 116.000000 7.000000
3 100.000000 113.000000 7.000000
3 101.000000 143.000000 7.000000
3 134.000000 147.000000 7.000000
3 133.000000 116.000000 7.000000
4 100.000000 113.000000 7.000000
4 101.000000 143.000000 7.000000
4 134.000000 147.000000 7.000000
4 133.000000 116.000000 7.000000
5 100.000000 113.000000 7.000000
5 101.000000 143.000000 7.000000
5 134.000000 147.000000 7.000000
5 133.000000 116.000000 7.000000
6 100.000000 113.000000 7.000000
6 101.000000 143.000000 7.000000
6 134.000000 147.000000 7.000000
6 133.000000 116.000000 7.000000
7 100.000000 113.000000 7.000000
7 101.000000 143.000000 7.000000
7 134.000000 147.000000 7.000000
7 133.000000 116.000000 7.000000
8 100.000000 113.000000 7.000000
8 101.000000 143.000000 7.000000
8 134.000000 147.000000 7.000000
8 133.000000 116.000000 7.000000
9 100.000000 113.000000 7.000000
9 101.000000 143.000000 7.000000
9 134.000000 147.000000 7.000000
9 133.000000 116.000000 7.000000
10 100.000000 113.000000 7.000000
10 101.000000 143.000000 7.000000
10 134.000000 147.000000 7.000000
10 133.000000 116.000000 7.000000
11 100.000000 113.000000 7.000000
11 101.000000 143.000000 7.000000
11 134.000000 147.000000 7.000000
11 133.000000 116.000000 7.000000
12 100.000000 113.000000 7.000000
12 101.000000 143.000000 7.000000
12 134.000000 147.000000 7.000000
12 133.000000 116.000000 7.000000
13 100.000000 113.000000 7.000000
13 101.000000 143.000000 7.000000
13 134.000000 147.000000 7.000000
13 133.000000 116.000000 7.000000
14 100.000000 113.000000 7.000000
14 101.000000 143.000000 7.000000
14 134.000000 147.000000 7.000000
14 133.000000 116.000000 7.000000
15 100.000000 113.000000 7.000000
15 101.000000 143.000000 7.000000
15 134.000000 147.000000 7.000000
15 133.000000 116.000000 7.000000
16 100.000000 113.000000 7.000000
16 101.000000 143.000000 7.000000
16 134.000000 147.000000 7.000000
16 133.000000 116.000000 7.000000
17 100.000000 113.000000 7.000000
17 101.000000 143.000000 7.000000
17 134.000000 147.000000 7.000000
17 133.000000 116.000000 7.000000
18 100.000000 113.000000 7.000000
18 101.000000 143.000000 7.000000
18 134.000000 147.000000 7.000000
18 133.000000 116.000000 7.000000
19 100.000000 113.000000 7.000000
19 101.000000 143.000000 7.000000
19 134.000000 147.000000 7.000000
19 133.000000 116.000000 7.000000
20 100.000000 113.000000 7.000000
20 101.000000 143.000000 7.000000
20 134.000000 147.000000 7.000000
20 133.000000 116.000000 7.000000
21 100.000000 113.000000 7.000000
21 101.000000 143.000000 7.000000
21 134.000000 147.000000 7.000000
21 133.000000 116.000000 7.000000
22 100.000000 113.000000 7.000000
22 101.000000 143.000000 7.000000
22 134.000000 147.000000 7.000000
22 133.000000 116.000000 7.000000
23 100.000000 113.000000 7.000000
23 101.000000 143.000000 7.000000
23 134.000000 147.000000 7.000000
23 133.000000 116.000000 7.000000
24 100.000000 113.000000 7.000000
24 101.000000 143.000000 7.000000
24 134.000000 147.000000 7.000000
24 133.000000 116.000000 7.000000
25 100.000000 113.000000 7.000000
25 101.000000 143.000000 7.000000
25 134.000000 147.000000 7.000000
25 133.000000 116.000000 7.000000
26 100.000000 113.000000 7.000000
26 101.000000 143.000000 7.000000
26 134.000000 147.000000 7.000000
26 133.000000 116.000000 7.000000
27 100.000000 113.000000 7.000000
27 101.000000 143.000000 7.000000
27 134.000000 147.000000 7.000000
27 133.000000 116.000000 7.000000
28 100.000000 113.000000 7.000000
28 101.000000 143.000000 7.000000
28 134.000000 147.000000 7.000000
28 133.000000 116.000000 7.000000
29 100.000000 113.000000 7.000000
29 101.000000 143.000000 7.000000
29 134.000000 147.000000 7.000000
29 133.000000 116.000000 7.000000
30 100.000000 113.000000 7.000000
30 101.000000 143.000000 7.000000
30 134.000000 147.000000 7.000000
30 133.000000 116.000000 7.000000
31 100.000000 113.000000 7.000000
31 101.000000 143.000000 7.000000
31 134.000000 147.000000 7.000000
31 133.000000 116.000000 7.000000
32 100.000000 113.000000 7.000000
32 101.000000 143.000000 7.000000
32 134.000000 147.000000 7.000000
32 133.000000 116.000000 7.000000
33 100.000000 113.000000 7.000000
33 101.000000 143.000000 7.000000
33 134.000000 147.000000 7.000000
33 133.000000 116.000000 7.000000
34 100.000000 113.000000 7.000000
34 101.000000 143.000000 7.000000
34 134.000000 147.000000 7.000000
34 133.000000 116.000000 7.000000
35 100.000000 113.000000 7.000000
35 101.000000 143.000000 7.000000
35 134.000000 147.000000 7.000000
35 133.000000 116.000000 7.000000
36 100.000000 113.000000 7.000000
36 101.000000 143.000000 7.000000
36 134.000000 147.000000 7.000000
36 133.000000 116.000000 7.000000
37 100.000000 113.000000 7.000000
37 101.000000 143.000000 7.000000
37 134.000000 147.000000 7.000000
37 133.000000 116.000000 7.000000
38 100.000000 113.000000 7.000000
38 101.000000 143.000000 7.000000
38 134.000000 147.000000 7.000000
38 133.000000 116.000000 7.000000
39 100.000000 113.000000 7.000000
39 101.000000 143.000000 7.000000
39 134.000000 147.000000 7.000000
39 133.000000 116.000000 7.000000
40 100.000000 113.000000 7.000000
40 101.000000 143.000000 7.000000
40 134.000000 147.000000 7.000000
40 133.000000 116.000000 7.000000
41 100.000000 113.000000 7.000000
41 101.000000 143.000000 7.000000
41 134.000000 147.000000 7.000000
41 133.000000 116.000000 7.000000
42 100.000000 113.000000 7.000000
42 101.000000 143.000000 7.000000
42 134.000000 147.000000 7.000000
42 133.000000 116.000000 7.000000
43 100.000000 113.000000 7.000000
43 101.000000 143.000000 7.000000
43 134.000000 147.000000 7.000000
43 133.000000 116.000000 7.000000
44 100.000000 113.000000 7.000000
44 101.000000 143.000000 7.000000
44 134.000000 147.000000 7.000000
44 133.000000 116.000000 7.000000
45 100.000000 113.000000 7.000000
45 101.000000 143.000000 7.000000
45 134.000000 147.000000 7.000000
45 133.000000 116.000000 7.000000
46 100.000000 113.000000 7.000000
46 101.000000 143.000000 7.000000
46 134.000000 147.000000 7.000000
46 133.000000 116.000000 7.000000
47 100.000000 113.000000 7.000000
47 101.000000 143.000000 7.000000
47 134.000000 147.000000 7.000000
47 133.000000 116.000000 7.000000
48 100.000000 113.000000 7.000000
48 101.000000 143.000000 7.000000
48 134.000000 147.000000 7.000000
48 133.000000 116.000000 7.000000
49 100.000000 113.000000 7.000000
49 101.000000 143.000000 7.000000
49 134.000000 147.000000 7.000000
49 133.000000 116.000000 7.000000
50 100.000000 113.000000 7.000000
50 101.000000 143.000000 7.000000
50 134.000000 147.000000 7.000000
50 133.000000 116.000000 7.000000
51 100.000000 113.000000 7.000000
51 101.000000 143.000000 7.000000
51 134.000000 147.000000 7.000000
51 133.000000 116.000000 7.000000
52 100.000000 113.000000 7.000000
52 101.000000 143.000000 7.000000
52 134.000000 147.000000 7.000000
52 133.000000 116.000000 7.000000
53 100.000000 113.000000 7.000000
53 101.000000 143.000000 7.000000
53 134.000000 147.000000 7.000000
53 133.000000 116.000000 7.000000
54 100.000000 113.000000 7.000000
54 101.000000 143.000000 7.000000
54 134.000000 147.000000 7.000000
54 133.000000 116.000000 7.000000
55 100.000000 113.000000 7.000000
55 101.000000 143.000000 7.000000
55 134.000000 147.000000 7.000000
55 133.000000 116.000000 7.000000
56 100.000000 113.000000 7.000000
56 101.000000 143.000000 7.000000
56 134.000000 147.000000 7.000000
56 133.000000 116.000000 7.000000
57 100.000000 113.000000 7.000000
57 101.000000 143.000000 7.000000
57 134.000000 147.000000 7.000000
57 133.000000 116.000000 7.000000
58 100.000000 113.000000 7.000000
58 101.000000 143.000000 7.000000
58 134.000000 147.000000 7.000000
58 133.000000 116.000000 7.000000
59 100.000000 113.000000 7.000000
59 101.000000 143.000000 7.000000
59 134.000000 147.000000 7.000000
59 133.000000 116.000000 7.000000
60 100.000000 113.000000 7.000000
60 101.000000 143.000000 7.000000
60 134.000000 147.000000 7.000000
60 133.000000 116.000000 7.000000
61 100.000000 113.000000 7.000000
61 101.000000 143.000000 7.000000
61 134.000000 147.000000 7.000000
61 133.000000 116.000000 7.000000
62 100.000000 113.000000 7.000000
62 101.000000 143.000000 7.000000
62 134.000000 147.000000 7.000000
62 133.000000 116.000000 7.000000
63 100.000000 113.000000 7.000000
63 101.000000 143.000000 7.000000
63 134.000000 147.000000 7.000000
63 133.000000 116.000000 7.000000
64 100.000000 113.000000 7.000000
64 101.000000 143.000000 7.000000
64 134.000000 147.000000 7.000000
64 133.000000 116.000000 7.000000
65 100.000000 113.000000 7.000000
65 101.000000 143.000000 7.000000
65 134.000000 147.000000 7.000000
65 133.000000 116.000000 7.000000
66 100.000000 113.000000 7.000000
66 101.000000 143.000000 7.000000
66 134.000000 147.000000 7.000000
66 133.000000 116.000000 7.000000
67 100.000000 113.000000 7.000000
67 101.000000 143.000000 7.000000
67 134.000000 147.000000 7.000000
67 133.000000 116.000000 7.000000
68 100.000000 113.000000 7.000000
68 101.000000 143.000000 7.000000
68 134.000000 147.000000 7.000000
68 133.000000 116.000000 7.000000
69 100.000000 113.000000 7.000000
69 101.000000 143.000000 7.000000
69 134.000000 147.000000 7.000000
69 133.000000 116.000000 7.000000
70 100.000000 113.000000 7.000000
70 101.000000 143.000000 7.000000
70 134.000000 147.000000 7.000000
70 133.000000 116.000000 7.000000
71 100.000000 113.000000 7.000000
71 101.000000 143.000000 7.000000
71 134.000000 147.000000 7.000000
71 133.000000 116.000000 7.000000
72 100.000000 113.000000 7.000000
72 101.000000 143.000000 7.000000
72 134.000000 147.000000 7.000000
72 133.000000 116.000000 7.000000
73 100.000000 113.000000 7.000000
73 101.000000 143.000000 7.000000
73 134.000000 147.000000 7.000000
73 133.000000 116.000000 7.000000
74 100.000000 113.000000 7.000000
74 101.000000 143.000000 7.000000
74 134.000000 147.000000 7.000000
74 133.000000 116.000000 7.000000
75 100.000000 113.000000 7.000000
75 101.000000 143.000000 7.000000
75 134.000000 147.000000 7.000000
75 133.000000 116.000000 7.000000
76 100.000000 113.000000 7.000000
76 101.000000 143.000000 7.000000
76 134.000000 147.000000 7.000000
76 133.000000 116.000000 7.000000
77 100.000000 113.000000 7.000000
77 101.000000 143.000000 7.000000
77 134.000000 147.000000 7.000000
77 133.000000 116.000000 7.000000
78 100.000000 113.000000 7.000000
78 101.000000 143.000000 7.000000
78 134.000000 147.000000 7.000000
78 133.000000 116.000000 7.000000
79 100.000000 113.000000 7.000000
79 101.000000 143.000000 7.000000
79 134.000000 147.000000 7.000000
79 133.000000 116.000000 7.000000
80 100.000000 113.000000 7.000000
80 101.000000 143.000000 7.000000
80 134.000000 147.000000 7.000000
80 133.000000 116.000000 7.000000
81 100.000000 113.000000 7.000000
81 101.000000 143.000000 7.000000
81 134.000000 147.000000 7.000000
81 133.000000 116.000000 7.000000
82 100.000000 113.000000 7.000000
82 101.000000 143.000000 7.000000
82 134.000000 147.000000 7.000000
82 133.000000 116.000000 7.000000
83 100.000000 113.000000 7.000000
83 101.000000 143.000000 7.000000
83 134.000000 147.000000 7.000000
83 133.000000 116.000000 7.000000
84 100.000000 113.000000 7.000000
84 101.000000 143.000000 7.000000
84 134.000000 147.000000 7.000000
84 133.000000 116.000000 7.000000
85 100.000000 113.000000 7.000000
85 101.000000 143.000000 7.000000
85 134.000000 147.000000 7.000000
85 133.000000 116.000000 7.000000
86 100.000000 113.000000 7.000000
86 101.000000 143.000000 7.000000
86 134.000000 147.000000 7.000000
86 133.000000 116.000000 7.000000
87 100.000000 113.000000 7.000000
87 101.000000 143.000000 7.000000
87 134.000000 147.000000 7.000000
87 133.000000 116.000000 7.000000
88 100.000000 113.000000 7.000000
88 101.000000 143.000000 7.000000
88 134.000000 147.000000 7.000000
88 133.000000 116.000000 7.000000
89 100.000000 113.000000 7.000000
89 101.000000 143.000000 7.000000
89 134.000000 147.000000 7.000000
89 133.000000 116.000000 7.000000
90 100.000000 113.000000 7.000000
90 101.000000 143.000000 7.000000
90 134.000000 147.000000 7.000000
90 133.000000 116.000000 7.000000
91 100.000000 113.000000 7.000000
91 101.000000 143.000000 7.000000
91 134.000000 147.000000 7.000000
91 133.000000 116.000000 7.000000
92 100.000000 113.000000 7.000000
92 101.000000 143.000000 7.000000
92 134.000000 147.000000 7.000000
92 133.000000 116.000000 7.000000
93 100.000000 113.000000 7.000000
93 101.000000 143.000000 7.000000
93 134.000000 147.000000 7.000000
93 133.000000 116.000000 7.000000
94 100.000000 113.000000 7.000000
94 101.000000 143.000000 7.000000
94 134.000000 147.000000 7.000000
94 133.000000 116.000000 7.000000
95 100.000000 113.000000 7.000000
95 101.000000 143.000000 7.000000
95 134.000000 147.000000 7.000000
95 133.000000 116.000000 7.000000
96 100.000000 113.000000 7.000000
96 101.000000 143.000000 7.000000
96 134.000000 147.000000 7.000000
96 133.000000 116.000000 7.000000
97 100.000000 113.000000 7.000000
97 101.000000 143.000000 7.000000
97 134.000000 147.000000 7.000000
97 133.000000 116.000000 7.000000
98 100.000000 113.000000 7.000000
98 101.000000 143.000000 7.000000
98 134.000000 147.000000 7.000000
98 133.000000 116.000000 7.000000
99 100.000000 113.000000 7.000000
99 101.000000 143.000000 7.000000
99 134.000000 147.000000 7.000000
99 133.000000 116.000000 7.000000
100 100.000000 113.000000 7.000000
100 101.000000 143.000000 7.000000
100 134.000000 147.000000 7.000000
100 133.000000 116.000000 7.000000
101 100.000000 113.000000 7.000000
101 101.000000 143.000000 7.000000
101 134.000000 147.000000 7.000000
101 133.000000 116.000000 7.000000
102 100.000000 113.000000 7.000000
102 101.000000 143.000000 7.000000
102 134.000000 147.000000 7.000000
102 133.000000 116.000000 7.000000
103 100.000000 113.000000 7.000000
103 101.000000 143.000000 7.000000
103 134.000000 147.000000 7.000000
103 133.000000 116.000000 7.000000
104 100.000000 113.000000 7.000000
104 101.000000 143.000000 7.000000
104 134.000000 147.000000 7.000000
104 133.000000 116.000000 7.000000
105 100.000000 113.000000 7.000000
105 101.000000 143.000000 7.000000
105 134.000000 147.000000 7.000000
105 133.000000 116.000000 7.000000
106 100.000000 113.000000 7.000000
106 101.000000 143.000000 7.000000
106 134.000000 147.000000 7.000000
106 133.000000 116.000000 7.000000
107 100.000000 113.000000 7.000000
107 101.000000 143.000000 7.000000
107 134.000000 147.000000 7.000000
107 133.000000 116.000000 7.000000
108 100.000000 113.000000 7.000000
108 101.000000 143.000000 7.000000
108 134.000000 147.000000 7.000000
108 133.000000 116.000000 7.000000
109 100.000000 113.000000 7.000000
109 101.000000 143.000000 7.000000
109 134.000000 147.000000 7.000000
109 133.000000 116.000000 7.000000
110 100.000000 113.000000 7.000000
110 101.000000 143.000000 7.000000
110 134.000000 147.000000 7.000000
110 133.000000 116.000000 7.000000
111 100.000000 113.000000 7.000000
111 101.000000 143.000000 7.000000
111 134.000000 147.000000 7.000000
111 133.000000 116.000000 7.000000
112 100.000000 113.000000 7.000000
112 101.000000 143.000000 7.000000
112 134.000000 147.000000 7.000000
112 133.000000 116.000000 7.000000
113 100.000000 113.000000 7.000000
113 101.000000 143.000000 7.000000
113 134.000000 147.000000 7.000000
113 133.000000 116.000000 7.000000
114 100.000000 113.000000 7.000000
114 101.000000 143.000000 7.000000
114 134.000000 147.000000 7.000000
114 133.000000 116.000000 7.000000
115 100.000000 113.000000 7.000000
115 101.000000 143.000000 7.000000
115 134.000000 147.000000 7.000000
115 133.000000 116.000000 7.000000
116 100.000000 113.000000 7.000000
116 101.000000 143.000000 7.000000
116 134.000000 147.000000 7.000000
116 133.000000 116.000000 7.000000
117 100.000000 113.000000 7.000000
117 101.000000 143.000000 7.000000
117 134.000000 147.000000 7.000000
117 133.000000 116.000000 7.000000
118 100.000000 113.000000 7.000000
118 101.000000 143.000000 7.000000
118 134.000000 147.000000 7.000000
118 133.000000 116.000000 7.000000
119 100.000000 113.000000 7.000000
119 101.000000 143.000000 7.000000
119 134.000000 147.000000 7.000000
119 133.000000 116.000000 7.000000
120 100.000000 113.000000 7.000000
120 101.000000 143.000000 7.000000
120 134.000000 147.000000 7.000000
120 133.000000 116.000000 7.000000
121 100.000000 113.000000 7.000000
121 101.000000 143.000000 7.000000
121 134.000000 147.000000 7.000000
121 133.000000 116.000000 7.000000
122 100.000000 113.000000 7.000000
122 101.000000 143.000000 7.000000
122 134.000000 147.000000 7.000000
122 133.000000 116.000000 7.000000
123 100.000000 113.000000 7.000000
123 101.000000 143.000000 7.000000
123 134.000000 147.000000 7.000000
123 133.000000 116.000000 7.000000
124 100.000000 113.000000 7.000000
124 101.000000 143.000000 7.000000
124 134.000000 147.000000 7.000000
124 133.000000 116.000000 7.000000
125 100.000000 113.000000 7.000000
125 101.000000 143.000000 7.000000
125 134.000000 147.000000 7.000000
125 133.000000 116.000000 7.000000
126 100.000000 113.000000 7.000000
126 101.000000 143.000000 7.000000
126 134.000000 147.000000 7.000000
126 133.000000 116.000000 7.000000
127 100.000000 113.000000 7.000000
127 101.000000 143.000000 7.000000
127 134.000000 147.000000 7.000000
127 133.000000 116.000000 7.000000
128 100.000000 113.000000 7.000000
128 101.000000 143.000000 7.000000
128 134.000000 147.000000 7.000000
128 133.000000 116.000000 7.000000
129 100.000000 113.000000 7.000000
129 101.000000 143.000000 7.000000
129 134.000000 147.000000 7.000000
129 133.000000 116.000000 7.000000
130 100.000000 113.000000 7.000000
130 101.000000 143.000000 7.000000
130 134.000000 147.000000 7.000000
130 133.000000 116.000000 7.000000
131 100.000000 113.000000 7.000000
131 101.000000 143.000000 7.000000
131 134.000000 147.000000 7.000000
131 133.000000 116.000000 7.000000
132 100.000000 113.000000 7.000000
132 101.000000 143.000000 7.000000
132 134.000000 147.000000 7.000000
132 133.000000 116.000000 7.000000
133 100.000000 113.000000 7.000000
133 101.000000 143.000000 7.000000
133 134.000000 147.000000 7.000000
133 133.000000 116.000000 7.000000
134 100.000000 113.000000 7.000000
134 101.000000 143.000000 7.000000
134 134.000000 147.000000 7.000000
134 133.000000 116.000000 7.000000
135 100.000000 113.000000 7.000000
135 101.000000 143.000000 7.000000
135 134.000000 147.000000 7.000000
135 133.000000 116.000000 7.000000
136 100.000000 113.000000 7.000000
136 101.000000 143.000000 7.000000
136 134.000000 147.000000 7.000000
136 133.000000 116.000000 7.000000
137 100.000000 113.000000 7.000000
137 101.000000 143.000000 7.000000
137 134.000000 147.000000 7.000000
137 133.000000 116.000000 7.000000
138 100.000000 113.000000 7.000000
138 101.000000 143.000000 7.000000
138 134.000000 147.000000 7.000000
138 133.000000 116.000000 7.000000
139 100.000000 113.000000 7.000000
139 101.000000 143.000000 7.000000
139 134.000000 147.000000 7.000000
139 133.000000 116.000000 7.000000
140 100.000000 113.000000 7.000000
140 101.000000 143.000000 7.000000
140 134.000000 147.000000 7.000000
140 133.000000 116.000000 7.000000
141 100.000000 113.000000 7.000000
141 101.000000 143.000000 7.000000
141 134.000000 147.000000 7.000000
141 133.000000 116.000000 7.000000
142 100.000000 113.000000 7.000000
142 101.000000 143.000000 7.000000
142 134.000000 147.000000 7.000000
142 133.000000 116.000000 7.000000
143 100.000000 113.000000 7.000000
143 101.000000 143.000000 7.000000
143 134.000000 147.000000 7.000000
143 133.000000 116.000000 7.000000
144 100.000000 113.000000 7.000000
144 101.000000 143.000000 7.000000
144 134.000000 147.000000 7.000000
144 133.000000 116.000000 7.000000
145 100.000000 113.000000 7.000000
145 101.000000 143.000000 7.000000
145 134.000000 147.000000 7.000000
145 133.000000 116.000000 7.000000
146 100.000000 113.000000 7.000000
146 101.000000 143.000000 7.000000
146 134.000000 147.000000 7.000000
146 133.000000 116.000000 7.000000
147 100.000000 113.000000 7.000000
147 101.000000 143.000000 7.000000
147 134.000000 147.000000 7.000000
147 133.000000 116.000000 7.000000
148 100.000000 113.000000 7.000000
148 101.000000 143.000000 7.000000
148 134.000000 147.000000 7.000000
148 133.000000 116.000000 7.000000
149 100.000000 113.000000 7.000000
149 101.000000 143.000000 7.000000
149 134.000000 147.000000 7.000000
149 133.000000 116.000000 7.000000
150 100.000000 113.000000 7.000000
150 101.000000 143.000000 7.000000
150 134.000000 147.000000 7.000000
150 133.000000 116.000000 7.000000
151 100.000000 113.000000 7.000000
151 101.000000 143.000000 7.000000
151 134.000000 147.000000 7.000000
151 133.000000 116.000000 7.000000
152 100.000000 113.000000 7.000000
152 101.000000 143.000000 7.000000
152 134.000000 147.000000 7.000000
152 133.000000 116.000000 7.000000
153 100.000000 113.000000 7.000000
153 101.000000 143.000000 7.000000
153 134.000000 147.000000 7.000000
153 133.000000 116.000000 7.000000
154 100.000000 113.000000 7.000000
154 101.000000 143.000000 7.000000
154 134.000000 147.000000 7.000000
154 133.000000 116.000000 7.000000
155 100.000000 113.000000 7.000000
155 101.000000 143.000000 7.000000
155 134.000000 147.000000 7.000000
155 133.000000 116.000000 7.000000
156 100.000000 113.000000 7.000000
156 101.000000 143.000000 7.000000
156 134.000000 147.000000 7.000000
156 133.000000 116.000000 7.000000
157 100.000000 113.000000 7.000000
157 101.000000 143.000000 7.000000
157 134.000000 147.000000 7.000000
157 133.000000 116.000000 7.000000
158 100.000000 113.000000 7.000000
158 101.000000 143.000000 7.000000
158 134.000000 147.000000 7.000000
158 133.000000 116.000000 7.000000
159 100.000000 113.000000 7.000000
159 101.000000 143.000000 7.000000
159 134.000000 147.000000 7.000000
159 133.000000 116.000000 7.000000
160 100.000000 113.000000 7.000000
160 101.000000 143.000000 7.000000
160 134.000000 147.000000 7.000000
160 133.000000 116.000000 7.000000
161 100.000000 113.000000 7.000000
161 101.000000 143.000000 7.000000
161 134.000000 147.000000 7.000000
161 133.000000 116.000000 7.000000
162 100.000000 113.000000 7.000000
162 101.000000 143.000000 7.000000
162 134.000000 147.000000 7.000000
162 133.000000 116.000000 7.000000
163 100.000000 113.000000 7.000000
163 101.000000 143.000000 7.000000
163 134.000000 147.000000 7.000000
163 133.000000 116.000000 7.000000
164 100.000000 113.000000 7.000000
164 101.000000 143.000000 7.000000
164 134.000000 147.000000 7.000000
164 133.000000 116.000000 7.000000
165 100.000000 113.000000 7.000000
165 101.000000 143.000000 7.000000
165 134.000000 147.000000 7.000000
165 133.000000 116.000000 7.000000
166 100.000000 113.000000 7.000000
166 101.000000 143.000000 7.000000
166 134.000000 147.000000 7.000000
166 133.000000 116.000000 7.000000
167 100.000000 113.000000 7.000000
167 101.000000 143.000000 7.000000
167 134.000000 147.000000 7.000000
167 133.000000 116.000000 7.000000
168 100.000000 113.000000 7.000000
168 101.000000 143.000000 7.000000
168 134.000000 147.000000 7.000000
168 133.000000 116.000000 7.000000
169 100.000000 113.000000 7.000000
169 101.000000 143.000000 7.000000
169 134.000000 147.000000 7.000000
169 133.000000 116.000000 7.000000
170 100.000000 113.000000 7.000000
170 101.000000 143.000000 7.000000
170 134.000000 147.000000 7.000000
170 133.000000 116.000000 7.000000
171 100.000000 113.000000 7.000000
171 101.000000 143.000000 7.000000
171 134.000000 147.000000 7.000000
171 133.000000 116.000000 7.000000
172 100.000000 113.000000 7.000000
172 101.000000 143.000000 7.000000
172 134.000000 147.000000 7.000000
172 133.000000 116.000000 7.000000
173 100.000000 113.000000 7.000000
173 101.000000 143.000000 7.000000
173 134.000000 147.000000 7.000000
173 133.000000 116.000000 7.000000
174 100.000000 113.000000 7.000000
174 101.000000 143.000000 7.000000
174 134.000000 147.000000 7.000000
174 133.000000 116.000000 7.000000
175 100.000000 113.000000 7.000000
175 101.000000 143.000000 7.000000
175 134.000000 147.000000 7.000000
175 133.000000 116.000000 7.000000
176 100.000000 113.000000 7.000000
176 101.000000 143.000000 7.000000
176 134.000000 147.000000 7.000000
176 133.000000 116.000000 7.000000
177 100.000000 113.000000 7.000000
177 101.000000 143.000000 7.000000
177 134.000000 147.000000 7.000000
177 133.000000 116.000000 7.000000
178 100.000000 113.000000 7.000000
178 101.000000 143.000000 7.000000
178 134.000000 147.000000 7.000000
178 133.000000 116.000000 7.000000
179 100.000000 113.000000 7.000000
179 101.000000 143.000000 7.000000
179 134.000000 147.000000 7.000000
179 133.000000 116.000000 7.000000
180 100.000000 113.000000 7.000000
180 101.000000 143.000000 7.000000
180 134.000000 147.000000 7.000000
180 133.000000 116.000000 7.000000
181 100.000000 113.000000 7.000000
181 101.000000 143.000000 7.000000
181 134.000000 147.000000 7.000000
181 133.000000 116.000000 7.000000
182 100.000000 113.000000 7.000000
182 101.000000 143.000000 7.000000
182 134.000000 147.000000 7.000000
182 133.000000 116.000000 7.000000
183 100.000000 113.000000 7.000000
183 101.000000 143.000000 7.000000
183 134.000000 147.000000 7.000000
183 133.000000 116.000000 7.000000
184 100.000000 113.000000 7.000000
184 101.000000 143.000000 7.000000
184 134.000000 147.000000 7.000000
184 133.000000 116.000000 7.000000
185 100.000000 113.000000 7.000000
185 101.000000 143.000000 7.000000
185 134.000000 147.000000 7.000000
185 133.000000 116.000000 7.000000
186 100.000000 113.000000 7.000000
186 101.000000 143.000000 7.000000
186 134.000000 147.000000 7.000000
186 133.000000 116.000000 7.000000
187 100.000000 113.000000 7.000000
187 101.000000 143.000000 7.000000
187 134.000000 147.000000 7.000000
187 133.000000 116.000000 7.000000
188 100.000000 113.000000 7.000000
188 101.000000 143.000000 7.000000
188 134.000000 147.000000 7.000000
188 133.000000 116.000000 7.000000
189 100.000000 113.000000 7.000000
189 101.000000 143.000000 7.000000
189 134.000000 147.000000 7.000000
189 133.000000 116.000000 7.000000
190 100.000000 113.000000 7.000000
190 101.000000 143.000000 7.000000
190 134.000000 147.000000 7.000000
190 133.000000 116.000000 7.000000
191 100.000000 113.000000 7.000000
191 101.000000 143.000000 7.000000
191 134.000000 147.000000 7.000000
191 133.000000 116.000000 7.000000
192 100.000000 113.000000 7.000000
192 101.000000 143.000000 7.000000
192 134.000000 147.000000 7.000000
192 133.000000 116.000000 7.000000
193 100.000000 113.000000 7.000000
193 101.000000 143.000000 7.000000
193 134.000000 147.000000 7.000000
193 133.000000 116.000000 7.000000
194 100.000000 113.000000 7.000000
194 101.000000 143.000000 7.000000
194 134.000000 147.000000 7.000000
194 133.000000 116.000000 7.000000
195 100.000000 113.000000 7.000000
195 101.000000 143.000000 7.000000
195 134.000000 147.000000 7.000000
195 133.000000 116.000000 7.000000
196 100.000000 113.000000 7.000000
196 101.000000 143.000000 7.000000
196 134.000000 147.000000 7.000000
196 133.000000 116.000000 7.000000
197 100.000000 113.000000 7.000000
197 101.000000 143.000000 7.000000
197 134.000000 147.000000 7.000000
197 133.000000 116.000000 7.000000
198 100.000000 113.000000 7.000000
198 101.000000 143.000000 7.000000
198 134.000000 147.000000 7.000000
198 133.000000 116.000000 7.000000
199 100.000000 113.000000 7.000000
199 101.000000 143.000000 7.000000
199 134.000000 147.000000 7.000000
199 133.000000 116.000000 7.000000
200 100.000000 113.000000 7.000000
200 101.000000 143.000000 7.000000
200 134.000000 147.000000 7.000000
200 133.000000 116.000000 7.000000
201 100.000000 113.000000 7.000000
201 101.000000 143.000000 7.000000
201 134.000000 147.000000 7.000000
201 133.000000 116.000000 7.000000
202 100.000000 113.000000 7.000000
202 101.000000 143.000000 7.000000
202 134.000000 147.000000 7.000000
202 133.000000 116.000000 7.000000
203 100.000000 113.000000 7.000000
203 101.000000 143.000000 7.000000
203 134.000000 147.000000 7.000000
203 133.000000 116.000000 7.000000
204 100.000000 113.000000 7.000000
204 101.000000 143.000000 7.000000
204 134.000000 147.000000 7.000000
204 133.000000 116.000000 7.000000
205 100.000000 113.000000 7.000000
205 101.000000 143.000000 7.000000
205 134.000000 147.000000 7.000000
205 133.000000 116.000000 7.000000
206 100.000000 113.000000 7.000000
206 101.000000 143.000000 7.000000
206 134.000000 147.000000 7.000000
206 133.000000 116.000000 7.000000
207 100.000000 113.000000 7.000000
207 101.000000 143.000000 7.000000
207 134.000000 147.000000 7.000000
207 133.000000 116.000000 7.000000
208 100.000000 113.000000 7.000000
208 101.000000 143.000000 7.000000
208 134.000000 147.000000 7.000000
208 133.000000 116.000000 7.000000
209 100.000000 113.000000 7.000000
209 101.000000 143.000000 7.000000
209 134.000000 147.000000 7.000000
209 133.000000 116.000000 7.000000
210 100.000000 113.000000 7.000000
210 101.000000 143.000000 7.000000
210 134.000000 147.000000 7.000000
210 133.000000 116.000000 7.000000
211 100.000000 113.000000 7.000000
211 101.000000 143.000000 7.000000
211 134.000000 147.000000 7.000000
211 133.000000 116.000000 7.000000
212 100.000000 113.000000 7.000000
212 101.000000 143.000000 7.000000
212 134.000000 147.000000 7.000000
212 133.000000 116.000000 7.000000
213 100.000000 113.000000 7.000000
213 101.000000 143.000000 7.000000
213 134.000000 147.000000 7.000000
213 133.000000 116.000000 7.000000
214 100.000000 113.000000 7.000000
214 101.000000 143.000000 7.000000
214 134.000000 147.000000 7.000000
214 133.000000 116.000000 7.000000
215 100.000000 113.000000 7.000000
215 101.000000 143.000000 7.000000
215 134.000000 147.000000 7.000000
215 133.000000 116.000000 7.000000
216 100.000000 113.000000 7.000000
216 101.000000 143.000000 7.000000
216 134.000000 147.000000 7.000000
216 133.000000 116.000000 7.000000
217 100.000000 113.000000 7.000000
217 101.000000 143.000000 7.000000
217 134.000000 147.000000 7.000000
217 133.000000 116.000000 7.000000
218 100.000000 113.000000 7.000000
218 101.000000 143.000000 7.000000
218 134.000000 147.000000 7.000000
218 133.000000 116.000000 7.000000
219 100.000000 113.000000 7.000000
219 101.000000 143.000000 7.000000
219 134.000000 147.000000 7.000000
219 133.000000 116.000000 7.000000
220 100.000000 113.000000 7.000000
220 101.000000 143.000000 7.000000
220 134.000000 147.000000 7.000000
220 133.000000 116.000000 7.000000
221 100.000000 113.000000 7.000000
221 101.000000 143.000000 7.000000
221 134.000000 147.000000 7.000000
221 133.000000 116.000000 7.000000
222 100.000000 113.000000 7.000000
222 101.000000 143.000000 7.000000
222 134.000000 147.000000 7.000000
222 133.000000 116.000000 7.000000
223 100.000000 113.000000 7.000000
223 101.000000 143.000000 7.000000
223 134.000000 147.000000 7.000000
223 133.000000 116.000000 7.000000
224 100.000000 113.000000 7.000000
224 101.000000 143.000000 7.000000
224 134.000000 147.000000 7.000000
224 133.000000 116.000000 7.000000
225 100.000000 113.000000 7.000000
225 101.000000 143.000000 7.000000
225 134.000000 147.000000 7.000000
225 133.000000 116.000000 7.000000
226 100.000000 113.000000 7.000000
226 101.000000 143.000000 7.000000
226 134.000000 147.000000 7.000000
226 133.000000 116.000000 7.000000
227 100.000000 113.000000 7.000000
227 101.000000 143.000000 7.000000
227 134.000000 147.000000 7.000000
227 133.000000 116.000000 7.000000
228 100.000000 113.000000 7.000000
228 101.000000 143.000000 7.000000
228 134.000000 147.000000 7.000000
228 133.000000 116.000000 7.000000
229 100.000000 113.000000 7.000000
229 101.000000 143.000000 7.000000
229 134.000000 147.000000 7.000000
229 133.000000 116.000000 7.000000
230 100.000000 113.000000 7.000000
230 101.000000 143.000000 7.000000
230 134.000000 147.000000 7.000000
230 133.000000 116.000000 7.000000
231 100.000000 113.000000 7.000000
231 101.000000 143.000000 7.000000
231 134.000000 147.000000 7.000000
231 133.000000 116.000000 7.000000
232 100.000000 113.000000 7.000000
232 101.000000 143.000000 7.000000
232 134.000000 147.000000 7.000000
232 133.000000 116.000000 7.000000
233 100.000000 113.000000 7.000000
233 101.000000 143.000000 7.000000
233 134.000000 147.000000 7.000000
233 133.000000 116.000000 7.000000
234 100.000000 113.000000 7.000000
234 101.000000 143.000000 7.000000
234 134.000000 147.000000 7.000000
234 133.000000 116.000000 7.000000
235 100.000000 113.000000 7.000000
235 101.000000 143.000000 7.000000
235 134.000000 147.000000 7.000000
235 133.000000 116.000000 7.000000
236 100.000000 113.000000 7.000000
236 101.000000 143.000000 7.000000
236 134.000000 147.000000 7.000000
236 133.000000 116.000000 7.000000
237 100.000000 113.000000 7.000000
237 101.000000 143.000000 7.000000
237 134.000000 147.000000 7.000000
237 133.000000 116.000000 7.000000
238 100.000000 113.000000 7.000000
238 101.000000 143.000000 7.000000
238 134.000000 147.000000 7.000000
238 133.000000 116.000000 7.000000
239 100.000000 113.000000 7.000000
239 101.000000 143.000000 7.000000
239 134.000000 147.000000 7.000000
239 133.000000 116.000000 7.000000
240 100.000000 113.000000 7.000000
240 101.000000 143.000000 7.000000
240 134.000000 147.000000 7.000000
240 133.000000 116.000000 7.000000
241 100.000000 113.000000 7.000000
241 101.000000 143.000000 7.000000
241 134.000000 147.000000 7.000000
241 133.000000 116.000000 7.000000
242 100.000000 113.000000 7.000000
242 101.000000 143.000000 7.000000
242 134.000000 147.000000 7.000000
242 133.000000 116.000000 7.000000
243 100.000000 113.000000 7.000000
243 101.000000 143.000000 7.000000
243 134.000000 147.000000 7.000000
243 133.000000 116.000000 7.000000
244 100.000000 113.000000 7.000000
244 101.000000 143.000000 7.000000
244 134.000000 147.000000 7.000000
244 133.000000 116.000000 7.000000
245 100.000000 113.000000 7.000000
245 101.000000 143.000000 7.000000
245 134.000000 147.000000 7.000000
245 133.000000 116.000000 7.000000
246 100.000000 113.000000 7.000000
246 101.000000 143.000000 7.000000
246 134.000000 147.000000 7.000000
246 133.000000 116.000000 7.000000
247 100.000000 113.000000 7.000000
247 101.000000 143.000000 7.000000
247 134.000000 147.000000 7.000000
247 133.000000 116.000000 7.000000
248 100.000000 113.000000 7.000000
248 101.000000 143.000000 7.000000
248 134.000000 147.000000 7.000000
248 133.000000 116.000000 7.000000
249 100.000000 113.000000 7.000000
249 101.000000 143.000000 7.000000
249 134.000000 147.000000 7.000000
249 133.000000 116.000000 7.000000
250 100.000000 113.000000 7.000000
250 101.000000 143.000000 7.000000
250 134.000000 147.000000 7.000000
250 133.000000 116.000000 7.000000
251 100.000000 113.000000 7.000000
251 101.000000 143.000000 7.000000
251 134.000000 147.000000 7.000000
251 133.000000 116.000000 7.000000
252 100.000000 113.000000 7.000000
252 101.000000 143.000000 7.000000
252 134.000000 147.000000 7.000000
252 133.000000 116.000000 7.000000
253 100.000000 113.000000 7.000000
253 101.000000 143.000000 7.000000
253 134.000000 147.000000 7.000000
253 133.000000 116.000000 7.000000
254 100.000000 113.000000 7.000000
254 101.000000 143.000000 7.000000
254 134.000000 147.000000 7.000000
254 133.000000 116.000000 7.000000
255 100.000000 113.000000 7.000000
255 101.000000 143.000000 7.000000
255 134.000000 147.000000 7.000000
255 133.000000 116.000000 7.000000
256 100.000000 113.000000 7.000000
256 101.000000 143.000000 7.000000
256 134.000000 147.000000 7.000000
256 133.000000 116.000000 7.000000
257 100.000000 113.000000 7.000000
257 101.000000 143.000000 7.000000
257 134.000000 147.000000 7.000000
257 133.000000 116.000000 7.000000
258 100.000000 113.000000 7.000000
258 101.000000 143.000000 7.000000
258 134.000000 147.000000 7.000000
258 133.000000 116.000000 7.000000
259 100.000000 113.000000 7.000000
259 101.000000 143.000000 7.000000
259 134.000000 147.000000 7.000000
259 133.000000 116.000000 7.000000
260 100.000000 113.000000 7.000000
260 101.000000 143.000000 7.000000
260 134.000000 147.000000 7.000000
260 133.000000 116.000000 7.000000
261 100.000000 113.000000 7.000000
261 101.000000 143.000000 7.000000
261 134.000000 147.000000 7.000000
261 133.000000 116.000000 7.000000
262 100.000000 113.000000 7.000000
262 101.000000 143.000000 7.000000
262 134.000000 147.000000 7.000000
262 133.000000 116.000000 7.000000
263 100.000000 113.000000 7.000000
263 101.000000 143.000000 7.000000
263 134.000000 147.000000 7.000000
263 133.000000 116.000000 7.000000
264 100.000000 113.000000 7.000000
264 101.000000 143.000000 7.000000
264 134.000000 147.000000 7.000000
264 133.000000 116.000000 7.000000
265 100.000000 113.000000 7.000000
265 101.000000 143.000000 7.000000
265 134.000000 147.000000 7.000000
265 133.000000 116.000000 7.000000
266 100.000000 113.000000 7.000000
266 101.000000 143.000000 7.000000
266 134.000000 147.000000 7.000000
266 133.000000 116.000000 7.000000
267 100.000000 113.000000 7.000000
267 101.000000 143.000000 7.000000
267 134.000000 147.000000 7.000000
267 133.000000 116.000000 7.000000
268 100.000000 113.000000 7.000000
268 101.000000 143.000000 7.000000
268 134.000000 147.000000 7.000000
268 133.000000 116.000000 7.000000
269 100.000000 113.000000 7.000000
269 101.000000 143.000000 7.000000
269 134.000000 147.000000 7.000000
269 133.000000 116.000000 7.000000
270 100.000000 113.000000 7.000000
270 101.000000 143.000000 7.000000
270 134.000000 147.000000 7.000000
270 133.000000 116.000000 7.000000
271 100.000000 113.000000 7.000000
271 101.000000 143.000000 7.000000
271 134.000000 147.000000 7.000000
271 133.000000 116.000000 7.000000
272 100.000000 113.000000 7.000000
272 101.000000 143.000000 7.000000
272 134.000000 147.000000 7.000000
272 133.000000 116.000000 7.000000
273 100.000000 113.000000 7.000000
273 101.000000 143.000000 7.000000
273 134.000000 147.000000 7.000000
273 133.000000 116.000000 7.000000
274 100.000000 113.000000 7.000000
274 101.000000 143.000000 7.000000
274 134.000000 147.000000 7.000000
274 133.000000 116.000000 7.000000
275 100.000000 113.000000 7.000000
275 101.000000 143.000000 7.000000
275 134.000000 147.000000 7.000000
275 133.000000 116.000000 7.000000
276 100.000000 113.000000 7.000000
276 101.000000 143.000000 7.000000
276 134.000000 147.000000 7.000000
276 133.000000 116.000000 7.000000
277 100.000000 113.000000 7.000000
277 101.000000 143.000000 7.000000
277 134.000000 147.000000 7.000000
277 133.000000 116.000000 7.000000
278 100.000000 113.000000 7.000000
278 101.000000 143.000000 7.000000
278 134.000000 147.000000 7.000000
278 133.000000 116.000000 7.000000
279 100.000000 113.000000 7.000000
279 101.000000 143.000000 7.000000
279 134.000000 147.000000 7.000000
279 133.000000 116.000000 7.000000
280 100.000000 113.000000 7.000000
280 101.000000 143.000000 7.000000
280 134.000000 147.000000 7.000000
280 133.000000 116.000000 7.000000
281 100.000000 113.000000 7.000000
281 101.000000 143.000000 7.000000
281 134.000000 147.000000 7.000000
281 133.000000 116.000000 7.000000
282 100.000000 113.000000 7.000000
282 101.000000 143.000000 7.000000
282 134.000000 147.000000 7.000000
282 133.000000 116.000000 7.000000
283 100.000000 113.000000 7.000000
283 101.000000 143.000000 7.000000
283 134.000000 147.000000 7.000000
283 133.000000 116.000000 7.000000
284 100.000000 113.000000 7.000000
284 101.000000 143.000000 7.000000
284 134.000000 147.000000 7.000000
284 133.000000 116.000000 7.000000
285 100.000000 113.000000 7.000000
285 101.000000 143.000000 7.000000
285 134.000000 147.000000 7.000000
285 133.000000 116.000000 7.000000
286 100.000000 113.000000 7.000000
286 101.000000 143.000000 7.000000
286 134.000000 147.000000 7.000000
286 133.000000 116.000000 7.000000
287 100.000000 113.000000 7.000000
287 101.000000 143.000000 7.000000
287 134.000000 147.000000 7.000000
287 133.000000 116.000000 7.000000
288 100.000000 113.000000 7.000000
288 101.000000 143.000000 7.000000
288 134.000000 147.000000 7.000000
288 133.000000 116.000000 7.000000
289 100.000000 113.000000 7.000000
289 101.000000 143.000000 7.000000
289 134.000000 147.000000 7.000000
289 133.000000 116.000000 7.000000
290 100.000000 113.000000 7.000000
290 101.000000 143.000000 7.000000
290 134.000000 147.000000 7.000000
290 133.000000 116.000000 7.000000
291 100.000000 113.000000 7.000000
291 101.000000 143.000000 7.000000
291 134.000000 147.000000 7.000000
291 133.000000 116.000000 7.000000
292 100.000000 113.000000 7.000000
292 101.000000 143.000000 7.000000
292 134.000000 147.000000 7.000000
292 133.000000 116.000000 7.000000
293 100.000000 113.000000 7.000000
293 101.000000 143.000000 7.000000
293 134.000000 147.000000 7.000000
293 133.000000 116.000000 7.000000
294 100.000000 113.000000 7.000000
294 101.000000 143.000000 7.000000
294 134.000000 147.000000 7.000000
294 133.000000 116.000000 7.000000
295 100.000000 113.000000 7.000000
295 101.000000 143.000000 7.000000
295 134.000000 147.000000 7.000000
295 133.000000 116.000000 7.000000
296 100.000000 113.000000 7.000000
296 101.000000 143.000000 7.000000
296 134.000000 147.000000 7.000000
296 133.000000 116.000000 7.000000
297 100.000000 113.000000 7.000000
297 101.000000 143.000000 7.000000
297 134.000000 147.000000 7.000000
297 133.000000 116.000000 7.000000
298 100.000000 113.000000 7.000000
298 101.000000 143.000000 7.000000
298 134.000000 147.000000 7.000000
298 133.000000 116.000000 7.000000
299 100.000000 113.000000 7.000000
299 101.000000 143.000000 7.000000
299 134.000000 147.000000 7.000000
299 133.000000 116.000000 7.000000
300 100.000000 113.000000 7.000000
300 101.000000 143.000000 7.000000
300 134.000000 147.000000 7.000000
300 133.000000 116.000000 7.000000
301 100.000000 113.000000 7.000000
301 101.000000 143.000000 7.000000
301 134.000000 147.000000 7.000000
301 133.000000 116.000000 7.000000
302 100.000000 113.000000 7.000000
302 101.000000 143.000000 7.000000
302 134.000000 147.000000 7.000000
302 133.000000 116.000000 7.000000
303 100.000000 113.000000 7.000000
303 101.000000 143.000000 7.000000
303 134.000000 147.000000 7.000000
303 133.000000 116.000000 7.000000
304 100.000000 113.000000 7.000000
304 101.000000 143.000000 7.000000
304 134.000000 147.000000 7.000000
304 133.000000 116.000000 7.000000
305 100.000000 113.000000 7.000000
305 101.000000 143.000000 7.000000
305 134.000000 147.000000 7.000000
305 133.000000 116.000000 7.000000
